0 0.981445 0.983073 0.019531 0.031250
0 0.944824 0.969401 0.034180 0.042969
0 0.215332 0.957682 0.036133 0.019531
0 0.261719 0.949870 0.044922 0.035156
0 0.254395 0.921224 0.045898 0.022135
0 0.553223 0.931641 0.057617 0.071615
0 0.376953 0.931641 0.195312 0.071615
0 0.195801 0.878255 0.024414 0.032552
0 0.167969 0.870443 0.023438 0.048177
0 0.062500 0.853516 0.042969 0.042969
0 0.965332 0.813802 0.026367 0.044271
0 0.026855 0.817708 0.026367 0.067708
0 0.070312 0.775391 0.027344 0.042969
0 0.096680 0.769531 0.025391 0.044271
0 0.981445 0.753255 0.037109 0.029948
0 0.155273 0.736328 0.058594 0.061198
0 0.096191 0.723958 0.022461 0.036458
0 0.053223 0.718099 0.030273 0.048177
0 0.202148 0.707031 0.033203 0.041667
0 0.020996 0.709635 0.041992 0.052083
0 0.172363 0.694661 0.043945 0.035156
0 0.215332 0.687500 0.030273 0.026042
0 0.190918 0.664062 0.024414 0.028646
0 0.238281 0.630859 0.023438 0.029948
0 0.956543 0.610677 0.049805 0.052083
0 0.212891 0.591146 0.019531 0.031250
0 0.088867 0.573568 0.023438 0.022135
0 0.042969 0.612630 0.085938 0.100260
0 0.956055 0.571615 0.033203 0.033854
0 0.179688 0.563151 0.052734 0.048177
0 0.140137 0.567708 0.067383 0.072917
0 0.510254 0.551432 0.030273 0.045573
0 0.987793 0.546224 0.024414 0.066406
0 0.927734 0.536458 0.054688 0.049479
0 0.088379 0.509766 0.028320 0.027344
0 0.134277 0.509115 0.047852 0.041667
0 0.908203 0.501302 0.041016 0.054688
0 0.215332 0.529948 0.057617 0.111979
0 0.046387 0.523438 0.092773 0.098958
0 0.949219 0.485677 0.029297 0.031250
0 0.442383 0.477214 0.058594 0.027344
0 0.134277 0.464844 0.053711 0.046875
0 0.017578 0.457682 0.021484 0.037760
0 0.947266 0.442708 0.031250 0.028646
0 0.886230 0.436198 0.040039 0.044271
0 0.093262 0.424479 0.073242 0.039062
0 0.072266 0.391276 0.025391 0.024740
0 0.250977 0.382161 0.039062 0.032552
0 0.941895 0.376302 0.116211 0.080729
0 0.236816 0.352214 0.032227 0.035156
0 0.110352 0.342448 0.025391 0.036458
0 0.690430 0.341146 0.052734 0.049479
0 0.815918 0.320964 0.038086 0.035156
0 0.257812 0.320964 0.033203 0.035156
0 0.950195 0.328776 0.052734 0.055990
0 0.017090 0.320312 0.034180 0.041667
0 0.899902 0.329427 0.041992 0.080729
0 0.025879 0.289714 0.038086 0.027344
0 0.175781 0.276042 0.064453 0.041667
0 0.608398 0.625651 0.783203 0.746094
0 0.570801 0.266276 0.043945 0.037760
0 0.969238 0.270833 0.041992 0.057292
0 0.869141 0.267578 0.068359 0.079427
0 0.051758 0.242188 0.017578 0.033854
0 0.940918 0.252604 0.047852 0.062500
0 0.904297 0.229167 0.052734 0.028646
0 0.227539 0.263021 0.054688 0.096354
0 0.466797 0.373698 0.406250 0.320312
0 0.098145 0.242839 0.059570 0.097656
0 0.983398 0.204427 0.033203 0.036458
0 0.784180 0.218099 0.039062 0.063802
0 0.829102 0.214844 0.074219 0.067708
0 0.325195 0.188802 0.046875 0.044271
0 0.020508 0.195964 0.041016 0.066406
0 0.187988 0.175130 0.034180 0.029948
0 0.833496 0.160156 0.036133 0.036458
0 0.168457 0.151693 0.073242 0.061198
0 0.338379 0.141276 0.034180 0.048177
0 0.112305 0.144531 0.042969 0.062500
0 0.476562 0.149089 0.253906 0.113281
0 0.354492 0.104818 0.033203 0.024740
0 0.197266 0.101562 0.039062 0.020833
0 0.123047 0.103516 0.068359 0.042969
0 0.061523 0.123698 0.056641 0.083333
0 0.992188 0.100911 0.015625 0.042969
0 0.243652 0.095703 0.032227 0.042969
0 0.481934 0.078776 0.206055 0.024740
0 0.229004 0.067057 0.071289 0.045573
0 0.438965 0.053385 0.098633 0.023438
0 0.304199 0.069661 0.071289 0.055990
0 0.957520 0.011068 0.036133 0.022135
0 0.904297 0.010417 0.046875 0.020833
0 0.707031 0.136068 0.339844 0.272135
0 0.584961 0.032552 0.152344 0.065104