0 0.974609 0.967448 0.025391 0.023438
0 0.929199 0.913411 0.047852 0.079427
0 0.696777 0.909505 0.043945 0.108073
0 0.785156 0.869792 0.052734 0.091146
0 0.321777 0.859375 0.071289 0.070312
0 0.907227 0.839844 0.019531 0.044271
0 0.455078 0.833333 0.021484 0.044271
0 0.427246 0.821615 0.016602 0.041667
0 0.592773 0.810547 0.033203 0.032552
0 0.836914 0.809245 0.025391 0.045573
0 0.343750 0.800781 0.023438 0.039062
0 0.212891 0.804688 0.023438 0.062500
0 0.022461 0.760417 0.033203 0.031250
0 0.113281 0.768880 0.039062 0.053385
0 0.767578 0.754557 0.070312 0.048177
0 0.122559 0.750000 0.061523 0.054688
0 0.341797 0.735677 0.023438 0.039062
0 0.067871 0.736979 0.051758 0.065104
0 0.743164 0.686198 0.023438 0.041667
0 0.332520 0.654948 0.020508 0.039062
0 0.171875 0.643229 0.021484 0.039062
0 0.329590 0.644531 0.034180 0.044271
0 0.520020 0.747396 0.333008 0.294271
0 0.924316 0.611328 0.034180 0.037760
0 0.031250 0.606120 0.033203 0.029948
0 0.688477 0.633464 0.042969 0.089844
0 0.734375 0.606771 0.060547 0.085938
0 0.552734 0.578125 0.117188 0.039062
0 0.126465 0.593099 0.045898 0.084635
0 0.158203 0.578776 0.041016 0.058594
0 0.381836 0.557943 0.050781 0.022135
0 0.504395 0.537109 0.061523 0.016927
0 0.977051 0.561849 0.034180 0.076823
0 0.424316 0.528646 0.061523 0.052083
0 0.093262 0.511719 0.053711 0.028646
0 0.864258 0.503906 0.054688 0.041667
0 0.160156 0.486979 0.039062 0.039062
0 0.983398 0.498047 0.033203 0.066406
0 0.646973 0.510417 0.202148 0.104167
0 0.008789 0.475911 0.017578 0.048177
0 0.504395 0.486979 0.084961 0.072917
0 0.659180 0.470052 0.052734 0.041667
0 0.938965 0.463542 0.038086 0.033854
0 0.323730 0.458984 0.022461 0.040365
0 0.063477 0.446615 0.021484 0.033854
0 0.784668 0.470703 0.102539 0.110677
0 0.171875 0.417318 0.031250 0.035156
0 0.011719 0.415365 0.023438 0.033854
0 0.131836 0.425130 0.054688 0.069010
0 0.274902 0.403646 0.028320 0.041667
0 0.753906 0.405599 0.066406 0.048177
0 0.250977 0.413411 0.039062 0.066406
0 0.965332 0.377604 0.069336 0.023438
0 0.855469 0.389974 0.150391 0.053385
0 0.590332 0.367188 0.053711 0.054688
0 0.019043 0.347656 0.038086 0.031250
0 0.460449 0.418620 0.129883 0.191406
0 0.390137 0.341146 0.145508 0.052083
0 0.204590 0.326172 0.221680 0.048177
0 0.046875 0.295573 0.093750 0.091146
0 0.479980 0.150391 0.030273 0.045573
0 0.440918 0.143229 0.045898 0.052083
0 0.745605 0.141276 0.010742 0.082031
0 0.711914 0.134115 0.011719 0.067708
0 0.389160 0.138021 0.073242 0.083333
0 0.320801 0.097005 0.041992 0.035156
0 0.377930 0.078125 0.035156 0.026042
0 0.707520 0.072917 0.077148 0.059896
0 0.493164 0.068359 0.031250 0.053385
0 0.514160 0.064453 0.045898 0.087240
0 0.785156 0.035807 0.046875 0.055990
0 0.703613 0.024089 0.020508 0.037760