0 0.798340 0.977865 0.038086 0.039062
0 0.450195 0.955729 0.035156 0.023438
0 0.456543 0.919922 0.040039 0.045573
0 0.699707 0.917969 0.041992 0.052083
0 0.443848 0.867188 0.041992 0.054688
0 0.014648 0.851562 0.029297 0.033854
0 0.647949 0.843750 0.040039 0.031250
0 0.957520 0.837891 0.038086 0.045573
0 0.017090 0.790365 0.034180 0.070312
0 0.648926 0.722656 0.022461 0.031250
0 0.251465 0.713542 0.032227 0.044271
0 0.285156 0.697266 0.031250 0.029948
0 0.798340 0.676432 0.038086 0.029948
0 0.572754 0.651693 0.024414 0.055990
0 0.319824 0.546224 0.032227 0.024740
0 0.489258 0.663411 0.154297 0.292969
0 0.227539 0.511068 0.048828 0.040365
0 0.159668 0.675781 0.319336 0.369792
0 0.120605 0.501302 0.034180 0.039062
0 0.090820 0.461589 0.033203 0.069010
0 0.358887 0.465495 0.139648 0.144531
0 0.185547 0.451823 0.099609 0.200521
0 0.847656 0.357422 0.070312 0.084635
0 0.455566 0.255859 0.030273 0.035156
0 0.732910 0.425781 0.534180 0.380208
0 0.416992 0.263672 0.052734 0.069010
0 0.423828 0.206380 0.021484 0.045573
0 0.661133 0.263021 0.507812 0.260417
0 0.495605 0.185547 0.157227 0.105469
0 0.395020 0.155599 0.053711 0.045573
0 0.530762 0.119141 0.051758 0.024740
0 0.236328 0.128255 0.023438 0.053385
0 0.840820 0.134766 0.037109 0.079427
0 0.608887 0.098958 0.057617 0.013021
0 0.550293 0.098958 0.059570 0.013021
0 0.621094 0.078776 0.058594 0.024740
0 0.569336 0.078776 0.052734 0.024740
0 0.411133 0.053385 0.062500 0.023438
0 0.195312 0.256510 0.390625 0.440104
0 0.763184 0.050130 0.049805 0.061198
0 0.525391 0.033203 0.033203 0.040365
0 0.978516 0.015625 0.042969 0.031250
0 0.924805 0.009766 0.062500 0.019531
0 0.825684 0.010417 0.032227 0.020833
0 0.785156 0.010417 0.048828 0.020833
0 0.642578 0.032552 0.087891 0.065104
0 0.582031 0.032552 0.091797 0.065104