0 0.910156 0.952474 0.068359 0.092448
0 0.228027 0.931641 0.108398 0.071615
0 0.026855 0.931641 0.045898 0.071615
0 0.966309 0.936849 0.067383 0.123698
0 0.723633 0.902344 0.050781 0.054688
0 0.134766 0.879557 0.033203 0.029948
0 0.654785 0.872396 0.038086 0.052083
0 0.560547 0.854167 0.058594 0.070312
0 0.608887 0.813151 0.032227 0.027344
0 0.671875 0.807292 0.031250 0.031250
0 0.582520 0.794271 0.030273 0.041667
0 0.864258 0.777995 0.035156 0.050781
0 0.710938 0.871745 0.175781 0.253906
0 0.592285 0.763021 0.049805 0.054688
0 0.728516 0.740234 0.046875 0.055990
0 0.405762 0.690755 0.032227 0.037760
0 0.867676 0.667969 0.034180 0.031250
0 0.478516 0.677083 0.044922 0.049479
0 0.564453 0.663411 0.033203 0.029948
0 0.199219 0.625651 0.027344 0.037760
0 0.976562 0.626302 0.046875 0.091146
0 0.754395 0.593099 0.036133 0.045573
0 0.986816 0.570312 0.026367 0.023438
0 0.194336 0.592448 0.042969 0.078125
0 0.389648 0.562500 0.037109 0.028646
0 0.489746 0.574870 0.041992 0.076823
0 0.958008 0.533854 0.031250 0.044271
0 0.809570 0.531901 0.056641 0.042969
0 0.733398 0.509115 0.023438 0.033854
0 0.855957 0.515625 0.026367 0.049479
0 0.435547 0.490234 0.029297 0.048177
0 0.689941 0.475911 0.112305 0.066406
0 0.197754 0.664714 0.395508 0.480469
0 0.371094 0.394531 0.042969 0.049479
0 0.817383 0.381510 0.074219 0.085938
0 0.885742 0.450521 0.228516 0.231771
0 0.709961 0.350911 0.035156 0.032552
0 0.350586 0.343750 0.037109 0.023438
0 0.307129 0.330078 0.034180 0.022135
0 0.102051 0.520833 0.204102 0.427083
0 0.177246 0.328125 0.043945 0.044271
0 0.777832 0.307943 0.106445 0.027344
0 0.249023 0.353516 0.121094 0.165365
0 0.057617 0.296224 0.031250 0.063802
0 0.029297 0.248698 0.058594 0.041667
0 0.094727 0.277995 0.128906 0.105469
0 0.192871 0.227865 0.032227 0.078125
0 0.079590 0.181641 0.159180 0.194010
0 0.190430 0.136068 0.101562 0.108073
0 0.120117 0.104167 0.042969 0.044271
0 0.489258 0.307943 0.363281 0.532552
0 0.251953 0.063802 0.044922 0.044271
0 0.904297 0.009766 0.054688 0.019531
0 0.647949 0.138021 0.426758 0.276042