0 0.871094 0.985677 0.021484 0.026042
0 0.714355 0.910807 0.063477 0.050781
0 0.801758 0.934896 0.126953 0.127604
0 0.059082 0.861328 0.040039 0.027344
0 0.366699 0.860677 0.028320 0.033854
0 0.757324 0.851562 0.073242 0.065104
0 0.961914 0.840495 0.037109 0.058594
0 0.652344 0.825521 0.050781 0.039062
0 0.888184 0.812500 0.032227 0.036458
0 0.427246 0.798177 0.032227 0.039062
0 0.075195 0.770833 0.048828 0.020833
0 0.941406 0.766276 0.072266 0.050781
0 0.529297 0.764323 0.056641 0.046875
0 0.662598 0.779297 0.055664 0.082031
0 0.567871 0.732422 0.071289 0.027344
0 0.421875 0.712891 0.027344 0.029948
0 0.178711 0.769531 0.156250 0.174479
0 0.464844 0.713542 0.056641 0.085938
0 0.982910 0.697266 0.034180 0.074219
0 0.354980 0.652344 0.040039 0.036458
0 0.914551 0.709635 0.170898 0.177083
0 0.375000 0.627604 0.042969 0.020833
0 0.450195 0.577474 0.033203 0.037760
0 0.374023 0.590495 0.128906 0.097656
0 0.415039 0.548828 0.046875 0.024740
0 0.650879 0.667969 0.366211 0.273438
0 0.720703 0.540365 0.054688 0.044271
0 0.274902 0.460286 0.051758 0.061198
0 0.609375 0.419922 0.066406 0.029948
0 0.276855 0.415365 0.049805 0.041667
0 0.662109 0.367188 0.035156 0.031250
0 0.382324 0.411458 0.065430 0.138021
0 0.107422 0.382812 0.058594 0.138021
0 0.974609 0.302734 0.050781 0.053385
0 0.287598 0.547526 0.575195 0.553385
0 0.218262 0.326823 0.053711 0.127604
0 0.088379 0.283203 0.040039 0.048177
0 0.328613 0.313151 0.055664 0.144531
0 0.203125 0.242839 0.031250 0.035156
0 0.842285 0.178385 0.034180 0.039062
0 0.139160 0.178385 0.278320 0.229167
0 0.587402 0.369141 0.737305 0.654948
0 0.787109 0.054688 0.060547 0.062500
0 0.619141 0.121094 0.359375 0.236979
0 0.865723 0.008464 0.034180 0.016927
0 0.220703 0.020833 0.013672 0.041667