0 0.255859 0.948568 0.029297 0.037760
0 0.228516 0.942057 0.025391 0.050781
0 0.675781 0.932292 0.035156 0.057292
0 0.353516 0.931641 0.203125 0.071615
0 0.135742 0.929688 0.050781 0.075521
0 0.710449 0.905599 0.030273 0.050781
0 0.388672 0.882812 0.029297 0.023438
0 0.922852 0.884115 0.037109 0.031250
0 0.150391 0.880859 0.070312 0.027344
0 0.478516 0.868490 0.033203 0.052083
0 0.058594 0.850911 0.117188 0.089844
0 0.477539 0.804688 0.029297 0.023438
0 0.021973 0.807292 0.043945 0.031250
0 0.418457 0.749349 0.032227 0.063802
0 0.252930 0.723958 0.505859 0.341146
0 0.167480 0.561198 0.045898 0.049479
0 0.072754 0.591797 0.145508 0.160156
0 0.155273 0.520833 0.128906 0.111979
0 0.056152 0.486979 0.112305 0.067708
0 0.971680 0.476562 0.029297 0.057292
0 0.299805 0.459635 0.035156 0.041667
0 0.422852 0.434896 0.021484 0.026042
0 0.019043 0.435547 0.036133 0.032552
0 0.315918 0.428385 0.041992 0.039062
0 0.379883 0.406901 0.042969 0.037760
0 0.417969 0.396484 0.035156 0.032552
0 0.334961 0.386719 0.025391 0.041667
0 0.850098 0.337240 0.034180 0.028646
0 0.162598 0.322266 0.020508 0.035156
0 0.953613 0.340495 0.092773 0.157552
0 0.709961 0.246094 0.029297 0.036458
0 0.990234 0.246094 0.019531 0.052083
0 0.950684 0.253255 0.059570 0.108073
0 0.412598 0.207031 0.040039 0.028646
0 0.050293 0.180339 0.040039 0.035156
0 0.811523 0.188151 0.054688 0.058594
0 0.732910 0.199219 0.096680 0.091146
0 0.455566 0.167318 0.032227 0.035156
0 0.495117 0.164714 0.042969 0.063802
0 0.729492 0.119141 0.021484 0.048177
0 0.534668 0.139323 0.090820 0.093750
0 0.032715 0.093750 0.034180 0.023438
0 0.500000 0.539714 1.000000 0.917969
0 0.207520 0.080078 0.040039 0.071615
0 0.318848 0.053385 0.041992 0.023438
0 0.275879 0.059245 0.032227 0.035156
0 0.256836 0.077474 0.033203 0.071615
0 0.786133 0.032552 0.037109 0.026042
0 0.986328 0.022786 0.027344 0.032552
0 0.592773 0.032552 0.052734 0.065104
0 0.532227 0.022786 0.046875 0.045573