0 0.630859 0.973958 0.048828 0.023438
0 0.525391 0.873698 0.060547 0.041667
0 0.699219 0.854818 0.042969 0.048177
0 0.540039 0.830078 0.107422 0.066406
0 0.695801 0.804036 0.034180 0.029948
0 0.662109 0.811198 0.058594 0.067708
0 0.548828 0.779948 0.087891 0.059896
0 0.140137 0.764323 0.057617 0.028646
0 0.754883 0.859375 0.490234 0.244792
0 0.568848 0.732422 0.036133 0.032552
0 0.654785 0.742839 0.127930 0.121094
0 0.611816 0.700521 0.034180 0.041667
0 0.526855 0.689453 0.120117 0.061198
0 0.552246 0.654948 0.104492 0.044271
0 0.068848 0.609375 0.030273 0.036458
0 0.519531 0.598958 0.044922 0.036458
0 0.602051 0.627604 0.110352 0.111979
0 0.419434 0.544922 0.049805 0.029948
0 0.383301 0.527344 0.040039 0.026042
0 0.078613 0.507812 0.024414 0.046875
0 0.175781 0.631510 0.351562 0.309896
0 0.099121 0.464193 0.040039 0.048177
0 0.791504 0.457682 0.100586 0.069010
0 0.585938 0.468099 0.271484 0.147135
0 0.349121 0.442708 0.075195 0.104167
0 0.620605 0.401693 0.028320 0.037760
0 0.920898 0.373047 0.105469 0.037760
0 0.987305 0.358724 0.025391 0.029948
0 0.574219 0.337240 0.041016 0.036458
0 0.176758 0.407552 0.080078 0.187500
0 0.541992 0.332031 0.021484 0.049479
0 0.405273 0.349609 0.197266 0.126302
0 0.254395 0.271484 0.137695 0.071615
0 0.577148 0.282552 0.187500 0.106771
0 0.862305 0.214844 0.052734 0.041667
0 0.772949 0.242188 0.124023 0.127604
0 0.096680 0.192057 0.193359 0.180990
0 0.056152 0.111328 0.112305 0.058594
0 0.696777 0.082031 0.051758 0.036458
0 0.381836 0.144531 0.281250 0.164062
0 0.990234 0.062500 0.019531 0.033854
0 0.450684 0.053385 0.032227 0.023438
0 0.789551 0.027995 0.055664 0.055990
0 0.604980 0.019531 0.028320 0.039062