0 0.865234 0.980469 0.019531 0.036458
0 0.300293 0.949870 0.065430 0.035156
0 0.658691 0.953125 0.092773 0.091146
0 0.604492 0.949870 0.042969 0.092448
0 0.501465 0.931641 0.116211 0.071615
0 0.286133 0.914714 0.044922 0.037760
0 0.258789 0.921224 0.029297 0.050781
0 0.723633 0.918620 0.046875 0.055990
0 0.967773 0.912760 0.054688 0.059896
0 0.802246 0.929688 0.065430 0.096354
0 0.860352 0.919922 0.054688 0.089844
0 0.166992 0.880208 0.025391 0.028646
0 0.758301 0.867839 0.028320 0.029948
0 0.789551 0.862630 0.034180 0.053385
0 0.971680 0.853516 0.039062 0.053385
0 0.733887 0.839193 0.032227 0.027344
0 0.609375 0.880859 0.068359 0.121094
0 0.155762 0.824219 0.030273 0.031250
0 0.867188 0.901042 0.181641 0.195312
0 0.750488 0.824219 0.024414 0.052083
0 0.918945 0.822917 0.138672 0.153646
0 0.755371 0.752604 0.057617 0.046875
0 0.943359 0.759115 0.062500 0.070312
0 0.819824 0.751953 0.084961 0.079427
0 0.633301 0.735677 0.038086 0.078125
0 0.925293 0.702474 0.043945 0.058594
0 0.632324 0.689453 0.034180 0.032552
0 0.775391 0.691406 0.025391 0.046875
0 0.688477 0.720703 0.070312 0.105469
0 0.818359 0.679688 0.025391 0.039062
0 0.617188 0.647135 0.054688 0.026042
0 0.725586 0.654297 0.080078 0.063802
0 0.853516 0.649089 0.042969 0.074219
0 0.811523 0.633464 0.023438 0.061198
0 0.601562 0.616536 0.062500 0.035156
0 0.777344 0.611979 0.046875 0.044271
0 0.913086 0.595052 0.027344 0.046875
0 0.104492 0.583333 0.027344 0.031250
0 0.895996 0.609375 0.051758 0.088542
0 0.816406 0.582682 0.027344 0.042969
0 0.032715 0.576172 0.043945 0.042969
0 0.638184 0.564453 0.073242 0.058594
0 0.255371 0.710286 0.208008 0.368490
0 0.849609 0.552083 0.042969 0.062500
0 0.692871 0.552734 0.045898 0.084635
0 0.251953 0.520182 0.027344 0.029948
0 0.031250 0.520182 0.029297 0.040365
0 0.506836 0.514974 0.083984 0.042969
0 0.845215 0.505859 0.032227 0.048177
0 0.874512 0.496094 0.043945 0.036458
0 0.805176 0.495443 0.043945 0.048177
0 0.770996 0.493490 0.051758 0.067708
0 0.753906 0.471354 0.039062 0.057292
0 0.469238 0.665365 0.274414 0.458333
0 0.292969 0.482422 0.050781 0.100260
0 0.799805 0.447266 0.048828 0.037760
0 0.631348 0.468750 0.069336 0.093750
0 0.507812 0.462891 0.052734 0.084635
0 0.679199 0.464844 0.071289 0.117188
0 0.358398 0.404948 0.054688 0.036458
0 0.105469 0.417318 0.074219 0.066406
0 0.685547 0.394531 0.087891 0.059896
0 0.735352 0.369792 0.058594 0.054688
0 0.245605 0.345703 0.043945 0.048177
0 0.058105 0.407552 0.116211 0.213542
0 0.706543 0.318359 0.063477 0.048177
0 0.136230 0.279948 0.077148 0.059896
0 0.712891 0.271484 0.056641 0.048177
0 0.026855 0.268880 0.053711 0.058594
0 0.424316 0.291016 0.061523 0.154948
0 0.533203 0.219401 0.027344 0.024740
0 0.057617 0.224609 0.041016 0.071615
0 0.472656 0.201823 0.041016 0.039062
0 0.608887 0.170573 0.053711 0.046875
0 0.636719 0.149089 0.050781 0.032552
0 0.573730 0.172526 0.063477 0.079427
0 0.117188 0.141276 0.027344 0.058594
0 0.568359 0.119141 0.041016 0.024740
0 0.379395 0.119141 0.063477 0.024740
0 0.096680 0.117839 0.031250 0.024740
0 0.601074 0.098958 0.038086 0.013021
0 0.377441 0.098958 0.047852 0.013021
0 0.030273 0.117839 0.044922 0.050781
0 0.015137 0.108073 0.030273 0.041667
0 0.058594 0.113281 0.048828 0.062500
0 0.728027 0.350911 0.543945 0.608073
0 0.394043 0.053385 0.026367 0.023438
0 0.291016 0.053385 0.062500 0.023438
0 0.688477 0.052734 0.042969 0.024740
0 0.279785 0.141927 0.278320 0.216146
0 0.661621 0.016276 0.051758 0.032552