0 0.468262 0.953776 0.038086 0.027344
0 0.516113 0.947917 0.030273 0.039062
0 0.026855 0.947266 0.020508 0.040365
0 0.552246 0.931641 0.053711 0.071615
0 0.385742 0.907552 0.029297 0.023438
0 0.183594 0.925781 0.064453 0.059896
0 0.181152 0.869141 0.057617 0.050781
0 0.296875 0.867839 0.054688 0.050781
0 0.371094 0.797526 0.025391 0.058594
0 0.411621 0.787109 0.055664 0.069010
0 0.590820 0.595052 0.027344 0.039062
0 0.810059 0.565104 0.028320 0.044271
0 0.717285 0.759766 0.565430 0.477865
0 0.131348 0.527995 0.043945 0.061198
0 0.443359 0.481771 0.031250 0.062500
0 0.892090 0.464844 0.069336 0.046875
0 0.691895 0.434896 0.028320 0.039062
0 0.792480 0.554688 0.415039 0.296875
0 0.224121 0.323568 0.032227 0.032552
0 0.468750 0.334635 0.091797 0.083333
0 0.415527 0.331380 0.041992 0.134115
0 0.925781 0.274089 0.058594 0.040365
0 0.526367 0.391276 0.132812 0.298177
0 0.981445 0.221354 0.037109 0.041667
0 0.586426 0.193359 0.059570 0.050781
0 0.765137 0.164062 0.040039 0.049479
0 0.690918 0.163411 0.043945 0.053385
0 0.839844 0.138672 0.027344 0.055990
0 0.508301 0.138021 0.071289 0.059896
0 0.786133 0.276042 0.427734 0.351562
0 0.547852 0.116536 0.074219 0.048177
0 0.433105 0.156250 0.125977 0.127604
0 0.242188 0.512370 0.484375 0.860677
0 0.428223 0.078776 0.051758 0.024740
0 0.736816 0.064453 0.069336 0.042969
0 0.389160 0.053385 0.102539 0.023438
0 0.755371 0.090495 0.125977 0.105469
0 0.628418 0.044271 0.036133 0.041667
0 0.666016 0.042969 0.037109 0.044271
0 0.522461 0.032552 0.136719 0.065104