0 0.432129 0.959635 0.071289 0.015625
0 0.515625 0.958333 0.046875 0.018229
0 0.884277 0.921875 0.032227 0.020833
0 0.025879 0.912109 0.043945 0.032552
0 0.984863 0.899089 0.030273 0.058594
0 0.261719 0.881510 0.054688 0.026042
0 0.631836 0.927083 0.109375 0.143229
0 0.513184 0.870443 0.063477 0.048177
0 0.442383 0.860026 0.035156 0.035156
0 0.464355 0.845703 0.059570 0.050781
0 0.193848 0.817057 0.051758 0.029948
0 0.627441 0.785156 0.041992 0.023438
0 0.448730 0.794271 0.041992 0.044271
0 0.386230 0.796224 0.092773 0.055990
0 0.832520 0.880859 0.334961 0.235677
0 0.479980 0.783203 0.079102 0.063802
0 0.781738 0.763021 0.030273 0.028646
0 0.103027 0.809896 0.206055 0.138021
0 0.642578 0.755208 0.027344 0.036458
0 0.218750 0.748047 0.054688 0.029948
0 0.548340 0.793620 0.143555 0.154948
0 0.503418 0.732422 0.036133 0.050781
0 0.231445 0.710938 0.125000 0.033854
0 0.125977 0.715495 0.105469 0.063802
0 0.304688 0.671224 0.058594 0.042969
0 0.212402 0.597656 0.034180 0.033854
0 0.670410 0.550781 0.047852 0.031250
0 0.715820 0.551432 0.066406 0.076823
0 0.886230 0.516276 0.024414 0.029948
0 0.470703 0.481120 0.058594 0.009115
0 0.407715 0.484375 0.038086 0.046875
0 0.561523 0.406901 0.037109 0.045573
0 0.490723 0.423177 0.114258 0.096354
0 0.187012 0.416016 0.374023 0.147135
0 0.486328 0.356120 0.037109 0.029948
0 0.871582 0.397786 0.256836 0.194010
0 0.602539 0.325521 0.083984 0.070312
0 0.870605 0.276693 0.026367 0.027344
0 0.396973 0.317708 0.110352 0.132812
0 0.031250 0.260417 0.062500 0.072917
0 0.763672 0.271484 0.199219 0.115885
0 0.713867 0.227865 0.042969 0.039062
0 0.839355 0.222005 0.038086 0.029948
0 0.218750 0.209635 0.261719 0.151042
0 0.352539 0.119792 0.041016 0.023438
0 0.299316 0.133464 0.043945 0.053385
0 0.704102 0.106120 0.027344 0.032552
0 0.931152 0.199870 0.137695 0.222656
0 0.723633 0.114583 0.042969 0.065104
0 0.130859 0.093099 0.044922 0.022135
0 0.439941 0.093099 0.032227 0.029948
0 0.835938 0.111328 0.046875 0.069010
0 0.624512 0.086589 0.040039 0.029948
0 0.255371 0.091797 0.032227 0.040365
0 0.497070 0.086589 0.019531 0.035156
0 0.673340 0.093099 0.055664 0.063802
0 0.550781 0.075521 0.027344 0.039062
0 0.446777 0.050781 0.036133 0.018229
0 0.299805 0.059245 0.031250 0.035156
0 0.535645 0.059245 0.051758 0.066406
0 0.980469 0.046224 0.039062 0.092448