0 0.111328 0.956380 0.042969 0.022135
0 0.083008 0.952474 0.019531 0.029948
0 0.330566 0.924479 0.022461 0.052083
0 0.445312 0.931641 0.273438 0.071615
0 0.239258 0.931641 0.128906 0.071615
0 0.025879 0.905599 0.040039 0.019531
0 0.625488 0.946615 0.084961 0.104167
0 0.049316 0.865234 0.041992 0.019531
0 0.188477 0.759766 0.041016 0.071615
0 0.250000 0.808594 0.126953 0.171875
0 0.147461 0.770182 0.056641 0.100260
0 0.117188 0.710286 0.031250 0.045573
0 0.048828 0.775391 0.097656 0.175781
0 0.330566 0.663411 0.028320 0.040365
0 0.027832 0.667318 0.055664 0.053385
0 0.305664 0.667318 0.050781 0.061198
0 0.020020 0.626302 0.038086 0.026042
0 0.252441 0.647786 0.059570 0.071615
0 0.098145 0.634766 0.055664 0.050781
0 0.158691 0.653646 0.055664 0.125000
0 0.245117 0.604167 0.039062 0.033854
0 0.262695 0.569010 0.033203 0.046875
0 0.313477 0.557292 0.044922 0.031250
0 0.654297 0.555990 0.044922 0.041667
0 0.573730 0.518229 0.038086 0.031250
0 0.244141 0.506510 0.025391 0.033854
0 0.142090 0.526042 0.073242 0.091146
0 0.154297 0.543620 0.167969 0.134115
0 0.062012 0.473307 0.041992 0.035156
0 0.208496 0.462891 0.043945 0.032552
0 0.171875 0.462240 0.033203 0.031250
0 0.631348 0.462891 0.020508 0.035156
0 0.089355 0.445312 0.036133 0.031250
0 0.270508 0.440755 0.023438 0.024740
0 0.974121 0.444010 0.032227 0.039062
0 0.241699 0.441406 0.034180 0.036458
0 0.054688 0.419922 0.025391 0.029948
0 0.024902 0.431641 0.036133 0.055990
0 0.086426 0.404297 0.030273 0.024740
0 0.927734 0.430990 0.066406 0.085938
0 0.978516 0.398438 0.042969 0.044271
0 0.938477 0.390625 0.027344 0.033854
0 0.140625 0.385417 0.091797 0.067708
0 0.040039 0.373698 0.037109 0.046875
0 0.972168 0.348958 0.040039 0.036458
0 0.099121 0.344401 0.022461 0.032552
0 0.966797 0.314453 0.037109 0.032552
0 0.114746 0.314453 0.065430 0.035156
0 0.913086 0.309245 0.058594 0.040365
0 0.427734 0.305339 0.027344 0.042969
0 0.032715 0.312500 0.036133 0.065104
0 0.459473 0.297526 0.030273 0.050781
0 0.188477 0.283203 0.033203 0.032552
0 0.600098 0.274089 0.034180 0.027344
0 0.907227 0.263021 0.062500 0.039062
0 0.205566 0.253255 0.047852 0.027344
0 0.837402 0.256510 0.024414 0.036458
0 0.101074 0.268229 0.043945 0.062500
0 0.981934 0.225260 0.030273 0.023438
0 0.812500 0.225260 0.046875 0.036458
0 0.043945 0.226562 0.037109 0.046875
0 0.875488 0.206380 0.051758 0.040365
0 0.842773 0.186198 0.033203 0.033854
0 0.211914 0.188151 0.089844 0.074219
0 0.069336 0.165365 0.039062 0.033854
0 0.790527 0.145833 0.024414 0.026042
0 0.104980 0.147135 0.032227 0.036458
0 0.438477 0.162760 0.097656 0.080729
0 0.057129 0.131510 0.036133 0.036458
0 0.146973 0.128255 0.038086 0.035156
0 0.992188 0.123047 0.015625 0.045573
0 0.266113 0.116536 0.032227 0.069010
0 0.047363 0.102214 0.049805 0.040365
0 0.207520 0.115234 0.067383 0.076823
0 0.840820 0.112630 0.037109 0.074219
0 0.620605 0.521484 0.758789 0.954427
0 0.766602 0.065104 0.070312 0.044271
0 0.689453 0.055990 0.039062 0.028646
0 0.308594 0.056641 0.039062 0.029948
0 0.511719 0.054688 0.322266 0.109375