0 0.618652 0.973958 0.036133 0.044271
0 0.894531 0.939453 0.039062 0.040365
0 0.611328 0.936198 0.019531 0.036458
0 0.957520 0.909505 0.030273 0.027344
0 0.588379 0.901042 0.051758 0.028646
0 0.875000 0.888021 0.052734 0.036458
0 0.462402 0.876953 0.032227 0.035156
0 0.941895 0.872396 0.116211 0.049479
0 0.522461 0.820312 0.033203 0.033854
0 0.481445 0.818359 0.027344 0.029948
0 0.784668 0.814453 0.032227 0.029948
0 0.599121 0.811198 0.036133 0.057292
0 0.479492 0.769531 0.031250 0.059896
0 0.508301 0.750651 0.024414 0.032552
0 0.499512 0.591146 0.083008 0.044271
0 0.509277 0.563802 0.051758 0.028646
0 0.068848 0.565755 0.047852 0.032552
0 0.865723 0.571615 0.043945 0.046875
0 0.103516 0.557292 0.056641 0.052083
0 0.556641 0.547526 0.044922 0.045573
0 0.107910 0.531250 0.024414 0.026042
0 0.074219 0.527344 0.037109 0.039062
0 0.632324 0.410156 0.057617 0.044271
0 0.480469 0.457682 0.144531 0.188802
0 0.608398 0.330078 0.058594 0.037760
0 0.548340 0.326172 0.065430 0.037760
0 0.517578 0.207031 0.046875 0.083333
0 0.961914 0.194661 0.076172 0.069010
0 0.946289 0.068359 0.033203 0.053385
0 0.500000 0.499349 1.000000 0.998698
0 0.220703 0.016927 0.013672 0.033854