0 0.823730 0.973958 0.034180 0.049479
0 0.824219 0.945964 0.035156 0.053385
0 0.825195 0.892578 0.050781 0.042969
0 0.714355 0.829427 0.032227 0.039062
0 0.675293 0.826172 0.047852 0.055990
0 0.662109 0.809245 0.033203 0.035156
0 0.223633 0.812500 0.033203 0.041667
0 0.021484 0.748698 0.035156 0.049479
0 0.030762 0.703776 0.032227 0.022135
0 0.874512 0.760417 0.096680 0.255208
0 0.283691 0.631510 0.043945 0.039062
0 0.179199 0.585286 0.057617 0.048177
0 0.119629 0.572917 0.038086 0.026042
0 0.887207 0.559245 0.051758 0.123698
0 0.323242 0.641276 0.505859 0.313802
0 0.589355 0.476562 0.028320 0.052083
0 0.541992 0.472005 0.041016 0.045573
0 0.827148 0.463542 0.027344 0.036458
0 0.593262 0.430990 0.030273 0.033854
0 0.957520 0.409505 0.057617 0.045573
0 0.057129 0.444661 0.114258 0.144531
0 0.959961 0.367839 0.039062 0.032552
0 0.559082 0.337891 0.026367 0.024740
0 0.081055 0.347656 0.039062 0.046875
0 0.028809 0.330078 0.026367 0.037760
0 0.812012 0.372396 0.053711 0.140625
0 0.471680 0.404297 0.126953 0.269531
0 0.760254 0.255208 0.030273 0.026042
0 0.951660 0.293620 0.045898 0.105469
0 0.396973 0.242188 0.026367 0.018229
0 0.728027 0.292969 0.096680 0.151042
0 0.008301 0.236979 0.016602 0.041667
0 0.953613 0.222005 0.049805 0.045573
0 0.847168 0.249349 0.104492 0.126302
0 0.417480 0.185547 0.024414 0.022135
0 0.983887 0.189453 0.032227 0.063802
0 0.039062 0.190755 0.050781 0.074219
0 0.100098 0.244792 0.073242 0.197917
0 0.061035 0.185547 0.055664 0.079427
0 0.725098 0.163411 0.041992 0.040365
0 0.015137 0.145182 0.030273 0.035156
0 0.548828 0.147135 0.023438 0.049479
0 0.633301 0.135417 0.026367 0.041667
0 0.460938 0.132161 0.093750 0.050781
0 0.559082 0.118490 0.032227 0.028646
0 0.113281 0.122396 0.025391 0.036458
0 0.520996 0.126953 0.022461 0.055990
0 0.663086 0.142578 0.046875 0.092448
0 0.530273 0.097656 0.031250 0.028646
0 0.166504 0.100260 0.022461 0.036458
0 0.210938 0.145833 0.173828 0.164062
0 0.992188 0.077474 0.015625 0.042969
0 0.770020 0.074219 0.032227 0.044271
0 0.332031 0.149740 0.099609 0.208333
0 0.692871 0.065755 0.028320 0.045573
0 0.336914 0.067057 0.013672 0.050781
0 0.306152 0.074219 0.026367 0.065104
0 0.793457 0.051432 0.047852 0.040365
0 0.814941 0.016276 0.053711 0.032552
0 0.591797 0.029297 0.023438 0.058594
0 0.536133 0.017578 0.025391 0.035156
0 0.230469 0.043620 0.031250 0.087240