0 0.782715 0.979818 0.024414 0.037760
0 0.741699 0.972005 0.034180 0.029948
0 0.785156 0.953125 0.031250 0.031250
0 0.629395 0.960286 0.024414 0.045573
0 0.677734 0.962240 0.070312 0.057292
0 0.277344 0.944661 0.037109 0.045573
0 0.979980 0.929688 0.022461 0.026042
0 0.690918 0.931641 0.047852 0.032552
0 0.241211 0.938802 0.041016 0.057292
0 0.882324 0.929036 0.036133 0.050781
0 0.180176 0.914714 0.092773 0.037760
0 0.928223 0.936849 0.059570 0.084635
0 0.820801 0.943359 0.061523 0.110677
0 0.784180 0.885417 0.027344 0.031250
0 0.858887 0.861328 0.043945 0.045573
0 0.738770 0.853516 0.022461 0.032552
0 0.976074 0.858724 0.047852 0.069010
0 0.885742 0.850260 0.066406 0.054688
0 0.683594 0.836589 0.048828 0.058594
0 0.769043 0.812500 0.028320 0.031250
0 0.231934 0.804036 0.028320 0.022135
0 0.900879 0.805339 0.041992 0.050781
0 0.729492 0.804688 0.046875 0.096354
0 0.833984 0.793620 0.087891 0.076823
0 0.879883 0.751302 0.025391 0.041667
0 0.953125 0.751302 0.082031 0.083333
0 0.212402 0.730469 0.073242 0.044271
0 0.792480 0.729818 0.026367 0.066406
0 0.456543 0.747396 0.061523 0.101562
0 0.817383 0.715495 0.029297 0.048177
0 0.842773 0.701172 0.025391 0.037760
0 0.620605 0.702474 0.034180 0.061198
0 0.838379 0.683594 0.022461 0.031250
0 0.083984 0.677734 0.027344 0.029948
0 0.139160 0.815104 0.278320 0.309896
0 0.501465 0.671875 0.036133 0.031250
0 0.166504 0.685547 0.071289 0.069010
0 0.032227 0.662760 0.017578 0.026042
0 0.799316 0.654297 0.028320 0.040365
0 0.062500 0.643229 0.029297 0.033854
0 0.747070 0.645833 0.021484 0.041667
0 0.968262 0.632161 0.030273 0.045573
0 0.856445 0.628255 0.041016 0.042969
0 0.255371 0.632812 0.059570 0.057292
0 0.264160 0.592448 0.036133 0.020833
0 0.777832 0.581380 0.028320 0.032552
0 0.825195 0.573568 0.029297 0.042969
0 0.165039 0.565104 0.025391 0.033854
0 0.624512 0.556641 0.018555 0.029948
0 0.133301 0.567708 0.028320 0.070312
0 0.091797 0.546875 0.029297 0.033854
0 0.991699 0.540365 0.016602 0.036458
0 0.022461 0.539062 0.037109 0.052083
0 0.830078 0.524740 0.056641 0.036458
0 0.971191 0.518229 0.028320 0.033854
0 0.864258 0.511068 0.031250 0.022135
0 0.065430 0.506510 0.121094 0.049479
0 0.916992 0.486328 0.044922 0.022135
0 0.843262 0.490234 0.038086 0.029948
0 0.982910 0.477214 0.032227 0.037760
0 0.688965 0.472656 0.026367 0.031250
0 0.038086 0.462240 0.029297 0.036458
0 0.911621 0.458333 0.049805 0.041667
0 0.115723 0.451823 0.028320 0.036458
0 0.720703 0.443359 0.064453 0.053385
0 0.108398 0.423828 0.048828 0.063802
0 0.028809 0.422526 0.057617 0.061198
0 0.841309 0.410156 0.077148 0.054688
0 0.691406 0.395182 0.031250 0.029948
0 0.896484 0.382812 0.031250 0.041667
0 0.926270 0.376953 0.038086 0.035156
0 0.820801 0.367188 0.040039 0.020833
0 0.745605 0.371745 0.040039 0.032552
0 0.970703 0.364583 0.031250 0.046875
0 0.715332 0.352214 0.043945 0.029948
0 0.020996 0.361979 0.041992 0.054688
0 0.886230 0.343750 0.055664 0.031250
0 0.130859 0.333333 0.025391 0.041667
0 0.768555 0.330729 0.082031 0.052083
0 0.148438 0.313802 0.033203 0.028646
0 0.820801 0.311849 0.040039 0.040365
0 0.903809 0.307943 0.067383 0.040365
0 0.110352 0.298177 0.041016 0.028646
0 0.070801 0.315104 0.063477 0.062500
0 0.974121 0.298828 0.051758 0.040365
0 0.799316 0.253255 0.030273 0.024740
0 0.918945 0.263672 0.046875 0.053385
0 0.827637 0.248047 0.026367 0.037760
0 0.981934 0.240885 0.036133 0.075521
0 0.924316 0.226562 0.041992 0.052083
0 0.861328 0.213542 0.037109 0.028646
0 0.061035 0.217448 0.086914 0.098958
0 0.143555 0.189453 0.035156 0.055990
0 0.137207 0.150391 0.040039 0.040365
0 0.095703 0.149089 0.031250 0.063802
0 0.015137 0.115885 0.030273 0.036458
0 0.820312 0.142578 0.076172 0.108073
0 0.168945 0.121745 0.044922 0.079427
0 0.079102 0.097005 0.035156 0.029948
0 0.222168 0.091797 0.051758 0.048177
0 0.989258 0.022786 0.021484 0.045573
0 0.946777 0.009766 0.030273 0.019531
0 0.808594 0.031901 0.095703 0.063802
0 0.451172 0.483724 0.701172 0.967448