0 0.682617 0.944661 0.025391 0.032552
0 0.425293 0.931641 0.217773 0.071615
0 0.594727 0.897135 0.025391 0.033854
0 0.664551 0.852214 0.049805 0.040365
0 0.587402 0.794922 0.032227 0.019531
0 0.966309 0.777995 0.065430 0.035156
0 0.575684 0.740234 0.036133 0.027344
0 0.117188 0.841797 0.234375 0.251302
0 0.450684 0.694661 0.028320 0.027344
0 0.808105 0.837240 0.336914 0.322917
0 0.225586 0.679036 0.042969 0.027344
0 0.431152 0.659505 0.024414 0.022135
0 0.077637 0.659505 0.047852 0.029948
0 0.385742 0.647135 0.042969 0.041667
0 0.281738 0.648438 0.038086 0.044271
0 0.359375 0.753906 0.349609 0.281250
0 0.962891 0.686198 0.074219 0.156250
0 0.340332 0.627604 0.030273 0.044271
0 0.902344 0.616536 0.064453 0.050781
0 0.478027 0.561849 0.040039 0.029948
0 0.957520 0.547526 0.026367 0.029948
0 0.720703 0.540365 0.048828 0.041667
0 0.281250 0.524089 0.029297 0.032552
0 0.505371 0.511719 0.073242 0.039062
0 0.965332 0.483724 0.041992 0.027344
0 0.627441 0.475911 0.047852 0.042969
0 0.091797 0.578776 0.183594 0.256510
0 0.419922 0.518880 0.125000 0.144531
0 0.547363 0.425130 0.030273 0.042969
0 0.311035 0.296224 0.045898 0.024740
0 0.531250 0.402995 0.937500 0.311198
0 0.074219 0.243490 0.021484 0.039062
0 0.682129 0.232422 0.073242 0.045573
0 0.308105 0.207031 0.063477 0.122396
0 0.052246 0.252604 0.104492 0.239583
0 0.992188 0.144531 0.015625 0.046875
0 0.218262 0.125000 0.051758 0.039062
0 0.109863 0.169271 0.129883 0.174479
0 0.208496 0.087891 0.043945 0.027344
0 0.253906 0.084635 0.044922 0.033854
0 0.364746 0.149740 0.083008 0.203125
0 0.950195 0.011719 0.085938 0.023438
0 0.820312 0.033203 0.142578 0.066406
0 0.742188 0.213542 0.515625 0.427083
0 0.250977 0.037760 0.078125 0.075521