0 0.117676 0.946615 0.034180 0.041667
0 0.184082 0.932943 0.040039 0.050781
0 0.067383 0.931641 0.103516 0.071615
0 0.414551 0.816406 0.036133 0.054688
0 0.485352 0.807943 0.037109 0.040365
0 0.941406 0.792318 0.042969 0.058594
0 0.911621 0.755859 0.047852 0.035156
0 0.440918 0.776042 0.041992 0.078125
0 0.956055 0.751302 0.017578 0.044271
0 0.715332 0.863281 0.358398 0.270833
0 0.485352 0.738932 0.031250 0.024740
0 0.560547 0.712891 0.041016 0.029948
0 0.928711 0.708333 0.044922 0.039062
0 0.824707 0.684245 0.040039 0.024740
0 0.903320 0.667318 0.023438 0.024740
0 0.422852 0.661458 0.025391 0.039062
0 0.080566 0.641927 0.040039 0.046875
0 0.025879 0.631510 0.024414 0.028646
0 0.706055 0.642578 0.066406 0.063802
0 0.128906 0.639974 0.041016 0.082031
0 0.651855 0.625000 0.057617 0.059896
0 0.214844 0.740234 0.429688 0.345052
0 0.026367 0.612630 0.052734 0.095052
0 0.820312 0.575521 0.033203 0.026042
0 0.776367 0.631510 0.083984 0.140625
0 0.878906 0.581380 0.056641 0.050781
0 0.728027 0.583333 0.038086 0.054688
0 0.924316 0.579427 0.055664 0.057292
0 0.336426 0.557292 0.057617 0.046875
0 0.252441 0.541016 0.034180 0.027344
0 0.063965 0.553385 0.032227 0.052083
0 0.867676 0.536458 0.024414 0.036458
0 0.899902 0.517578 0.026367 0.042969
0 0.830078 0.490885 0.041016 0.039062
0 0.055176 0.487630 0.030273 0.045573
0 0.133301 0.536458 0.202148 0.265625
0 0.969238 0.425781 0.040039 0.046875
0 0.012695 0.424479 0.025391 0.057292
0 0.947266 0.398438 0.048828 0.033854
0 0.874023 0.391276 0.029297 0.029948
0 0.234863 0.376302 0.032227 0.049479
0 0.293457 0.360026 0.043945 0.024740
0 0.957031 0.359375 0.058594 0.049479
0 0.910645 0.337240 0.045898 0.041667
0 0.985840 0.326172 0.028320 0.048177
0 0.332520 0.310547 0.034180 0.037760
0 0.922852 0.285156 0.041016 0.062500
0 0.313965 0.276693 0.075195 0.045573
0 0.396484 0.268880 0.029297 0.042969
0 0.970215 0.283203 0.047852 0.079427
0 0.858398 0.269531 0.039062 0.052083
0 0.141113 0.351562 0.282227 0.223958
0 0.120605 0.263672 0.100586 0.066406
0 0.904785 0.219401 0.049805 0.066406
0 0.051270 0.201823 0.102539 0.072917
0 0.992188 0.175130 0.015625 0.050781
0 0.162109 0.143229 0.029297 0.028646
0 0.304199 0.158854 0.069336 0.104167
0 0.307129 0.091797 0.051758 0.045573
0 0.294922 0.052734 0.029297 0.022135
0 0.984863 0.013672 0.030273 0.027344
0 0.738281 0.270182 0.300781 0.540365
0 0.495605 0.358073 0.264648 0.716146