0 0.872070 0.989583 0.033203 0.018229
0 0.672852 0.988932 0.044922 0.019531
0 0.833496 0.976562 0.030273 0.044271
0 0.769043 0.962240 0.024414 0.023438
0 0.525391 0.950521 0.035156 0.033854
0 0.875488 0.964193 0.053711 0.066406
0 0.791992 0.932292 0.046875 0.033854
0 0.705566 0.927083 0.045898 0.039062
0 0.887695 0.919271 0.037109 0.026042
0 0.743164 0.931641 0.050781 0.058594
0 0.835449 0.901042 0.041992 0.046875
0 0.187500 0.873047 0.064453 0.042969
0 0.014160 0.857422 0.028320 0.032552
0 0.937500 0.918620 0.097656 0.160156
0 0.436523 0.864583 0.060547 0.059896
0 0.517090 0.855469 0.069336 0.049479
0 0.070801 0.851562 0.038086 0.044271
0 0.135254 0.850911 0.090820 0.045573
0 0.859863 0.852214 0.071289 0.087240
0 0.069824 0.810547 0.034180 0.029948
0 0.912109 0.821615 0.046875 0.054688
0 0.246582 0.795573 0.022461 0.031250
0 0.965332 0.843099 0.069336 0.134115
0 0.477051 0.811849 0.055664 0.071615
0 0.955078 0.791016 0.035156 0.032552
0 0.823730 0.781901 0.038086 0.019531
0 0.864746 0.766276 0.077148 0.079427
0 0.737793 0.740234 0.034180 0.035156
0 0.904297 0.732422 0.031250 0.029948
0 0.660645 0.824870 0.309570 0.347656
0 0.867188 0.652995 0.019531 0.035156
0 0.122559 0.625651 0.065430 0.061198
0 0.956055 0.611979 0.087891 0.072917
0 0.859863 0.600911 0.094727 0.061198
0 0.943848 0.574870 0.028320 0.024740
0 0.979980 0.562500 0.040039 0.028646
0 0.940430 0.518229 0.041016 0.018229
0 0.039062 0.555339 0.078125 0.178385
0 0.163574 0.490885 0.114258 0.101562
0 0.328613 0.455729 0.045898 0.044271
0 0.690430 0.394531 0.046875 0.046875
0 0.114746 0.358724 0.040039 0.024740
0 0.156250 0.360026 0.042969 0.029948
0 0.053711 0.328125 0.044922 0.044271
0 0.066406 0.311198 0.044922 0.020833
0 0.425781 0.271484 0.027344 0.037760
0 0.308105 0.243490 0.028320 0.044271
0 0.048828 0.261719 0.097656 0.088542
0 0.488770 0.220703 0.028320 0.063802
0 0.410645 0.355469 0.522461 0.408854
0 0.463379 0.154948 0.032227 0.026042
0 0.411133 0.158203 0.019531 0.035156
0 0.359863 0.177083 0.077148 0.080729
0 0.346191 0.147786 0.055664 0.037760
0 0.444824 0.134115 0.032227 0.041667
0 0.049805 0.119141 0.025391 0.022135
0 0.405273 0.120443 0.031250 0.027344
0 0.499023 0.134115 0.029297 0.057292
0 0.360840 0.115885 0.096680 0.046875
0 0.097168 0.164062 0.165039 0.158854
0 0.194336 0.118490 0.103516 0.072917
0 0.472656 0.081380 0.083984 0.019531
0 0.586426 0.077474 0.061523 0.022135
0 0.408203 0.078776 0.037109 0.024740
0 0.312500 0.072266 0.117188 0.061198
0 0.234863 0.056641 0.040039 0.029948
0 0.984863 0.109375 0.030273 0.164062
0 0.963867 0.017578 0.072266 0.035156
0 0.500000 0.401042 1.000000 0.802083
0 0.645508 0.183594 0.265625 0.367188