0 0.470215 0.946615 0.084961 0.041667
0 0.521484 0.931641 0.103516 0.071615
0 0.400391 0.931641 0.123047 0.071615
0 0.253418 0.931641 0.157227 0.071615
0 0.056641 0.907552 0.052734 0.023438
0 0.083984 0.811849 0.167969 0.311198
0 0.645996 0.659505 0.018555 0.037760
0 0.979980 0.597005 0.040039 0.082031
0 0.267090 0.515625 0.022461 0.026042
0 0.042480 0.472656 0.084961 0.096354
0 0.937500 0.392578 0.050781 0.069010
0 0.047852 0.403646 0.095703 0.122396
0 0.975098 0.319661 0.036133 0.045573
0 0.273438 0.292318 0.048828 0.050781
0 0.366211 0.550781 0.732422 0.895833
0 0.565918 0.101562 0.067383 0.018229
0 0.031250 0.097656 0.062500 0.031250
0 0.992188 0.104818 0.015625 0.058594
0 0.287598 0.078776 0.030273 0.024740
0 0.801270 0.531250 0.397461 0.934896
0 0.755859 0.048828 0.037109 0.029948
0 0.947266 0.015625 0.105469 0.031250
0 0.791016 0.014323 0.029297 0.028646
0 0.634277 0.032552 0.118164 0.065104
0 0.255371 0.095052 0.321289 0.190104