0 0.026367 0.957682 0.044922 0.019531
0 0.348633 0.940104 0.023438 0.054688
0 0.018066 0.925781 0.028320 0.028646
0 0.522949 0.921224 0.038086 0.050781
0 0.281738 0.931641 0.045898 0.071615
0 0.038574 0.915365 0.036133 0.039062
0 0.195312 0.873698 0.042969 0.041667
0 0.776855 0.864583 0.024414 0.039062
0 0.010742 0.859375 0.021484 0.044271
0 0.082520 0.845052 0.165039 0.119792
0 0.140625 0.772135 0.029297 0.033854
0 0.036621 0.747396 0.041992 0.036458
0 0.799805 0.718750 0.041016 0.031250
0 0.813965 0.847656 0.372070 0.302083
0 0.748047 0.711589 0.031250 0.032552
0 0.731445 0.714193 0.039062 0.076823
0 0.596191 0.678385 0.055664 0.039062
0 0.181152 0.665365 0.036133 0.023438
0 0.219238 0.613932 0.034180 0.019531
0 0.934570 0.634766 0.048828 0.082031
0 0.976074 0.607422 0.047852 0.045573
0 0.620605 0.568359 0.024414 0.032552
0 0.663086 0.505208 0.042969 0.033854
0 0.088379 0.395182 0.088867 0.069010
0 0.109375 0.355469 0.054688 0.054688
0 0.014160 0.305990 0.028320 0.028646
0 0.013184 0.275391 0.026367 0.035156
0 0.312500 0.575521 0.625000 0.638021
0 0.593262 0.233724 0.032227 0.022135
0 0.402832 0.164062 0.034180 0.023438
0 0.328125 0.172526 0.031250 0.050781
0 0.826172 0.375651 0.347656 0.493490
0 0.311035 0.143229 0.041992 0.049479
0 0.767090 0.114583 0.045898 0.039062
0 0.445312 0.142578 0.318359 0.100260
0 0.137695 0.094401 0.029297 0.024740
0 0.054688 0.177734 0.109375 0.191406
0 0.844238 0.102865 0.030273 0.054688
0 0.495605 0.078776 0.038086 0.024740
0 0.402344 0.078776 0.087891 0.024740
0 0.388184 0.053385 0.040039 0.023438
0 0.355469 0.053385 0.041016 0.023438
0 0.251953 0.102865 0.191406 0.122396
0 0.471191 0.049479 0.127930 0.031250
0 0.956055 0.010417 0.087891 0.020833
0 0.834473 0.026042 0.075195 0.052083