0 0.834473 0.972656 0.041992 0.020833
0 0.651367 0.971354 0.023438 0.026042
0 0.792969 0.968099 0.044922 0.035156
0 0.698242 0.973958 0.083984 0.049479
0 0.858887 0.966146 0.022461 0.041667
0 0.595703 0.961589 0.025391 0.035156
0 0.969727 0.960286 0.060547 0.050781
0 0.898926 0.955078 0.124023 0.087240
0 0.893555 0.929688 0.041016 0.044271
0 0.801270 0.951823 0.145508 0.093750
0 0.599121 0.913411 0.032227 0.042969
0 0.796875 0.914714 0.058594 0.061198
0 0.967773 0.906901 0.064453 0.063802
0 0.885742 0.893880 0.054688 0.048177
0 0.919434 0.876953 0.032227 0.027344
0 0.447754 0.878906 0.034180 0.031250
0 0.794922 0.859375 0.027344 0.023438
0 0.494141 0.869141 0.044922 0.050781
0 0.366699 0.848307 0.028320 0.035156
0 0.540039 0.851562 0.097656 0.059896
0 0.975098 0.838542 0.040039 0.046875
0 0.442871 0.833333 0.036133 0.049479
0 0.504395 0.821615 0.049805 0.044271
0 0.369629 0.802083 0.043945 0.031250
0 0.986816 0.792318 0.026367 0.042969
0 0.431641 0.789062 0.072266 0.052083
0 0.455078 0.769531 0.070312 0.072917
0 0.534668 0.767578 0.059570 0.110677
0 0.016113 0.724609 0.032227 0.032552
0 0.479980 0.716146 0.049805 0.033854
0 0.090820 0.740234 0.181641 0.108073
0 0.094727 0.661458 0.019531 0.044271
0 0.013672 0.622396 0.027344 0.033854
0 0.023926 0.657552 0.047852 0.111979
0 0.475098 0.604167 0.038086 0.031250
0 0.964844 0.574219 0.025391 0.033854
0 0.683594 0.569661 0.033203 0.027344
0 0.446777 0.576172 0.061523 0.040365
0 0.508789 0.521484 0.078125 0.019531
0 0.361816 0.519531 0.030273 0.044271
0 0.759766 0.518880 0.044922 0.055990
0 0.677734 0.463542 0.037109 0.036458
0 0.306641 0.448568 0.132812 0.092448
0 0.964844 0.414714 0.031250 0.035156
0 0.460449 0.449219 0.143555 0.114583
0 0.626465 0.401693 0.028320 0.032552
0 0.433594 0.410807 0.078125 0.071615
0 0.983398 0.382161 0.025391 0.022135
0 0.496582 0.401693 0.049805 0.063802
0 0.583496 0.382812 0.022461 0.033854
0 0.447754 0.366536 0.043945 0.024740
0 0.152344 0.361979 0.046875 0.028646
0 0.473633 0.341797 0.031250 0.035156
0 0.398926 0.306641 0.047852 0.108073
0 0.970703 0.239583 0.027344 0.036458
0 0.293457 0.224609 0.043945 0.040365
0 0.222168 0.192708 0.092773 0.041667
0 0.746094 0.132161 0.021484 0.032552
0 0.743652 0.104167 0.047852 0.044271
0 0.631836 0.097005 0.023438 0.063802
0 0.350098 0.087891 0.024414 0.045573
0 0.617676 0.093099 0.024414 0.079427
0 0.662109 0.052083 0.023438 0.049479
0 0.513672 0.057292 0.050781 0.093750
0 0.786621 0.020182 0.049805 0.040365