0 0.727539 0.962240 0.031250 0.026042
0 0.106934 0.932943 0.108398 0.069010
0 0.489746 0.931641 0.161133 0.071615
0 0.319336 0.931641 0.101562 0.071615
0 0.255859 0.914062 0.033203 0.036458
0 0.119629 0.860677 0.057617 0.026042
0 0.018555 0.860677 0.027344 0.028646
0 0.591797 0.861328 0.056641 0.050781
0 0.084473 0.843750 0.032227 0.065104
0 0.927246 0.798177 0.043945 0.036458
0 0.527832 0.770833 0.026367 0.059896
0 0.908691 0.755859 0.028320 0.045573
0 0.519043 0.731120 0.018555 0.027344
0 0.963379 0.770182 0.073242 0.199219
0 0.474609 0.664714 0.058594 0.050781
0 0.975586 0.660156 0.039062 0.046875
0 0.912598 0.671875 0.069336 0.070312
0 0.169922 0.659505 0.027344 0.055990
0 0.195312 0.627604 0.023438 0.070312
0 0.017090 0.605469 0.034180 0.062500
0 0.415527 0.593099 0.049805 0.042969
0 0.183594 0.595052 0.023438 0.046875
0 0.585938 0.755859 0.320312 0.404948
0 0.985840 0.569010 0.028320 0.044271
0 0.193359 0.564453 0.056641 0.050781
0 0.040039 0.583333 0.048828 0.093750
0 0.452637 0.535156 0.030273 0.046875
0 0.210938 0.527344 0.037109 0.052083
0 0.048340 0.532552 0.067383 0.078125
0 0.262207 0.504557 0.036133 0.024740
0 0.142090 0.567057 0.090820 0.154948
0 0.092773 0.493490 0.031250 0.072917
0 0.048340 0.475260 0.028320 0.044271
0 0.961914 0.546875 0.076172 0.192708
0 0.282715 0.676432 0.565430 0.475260
0 0.945312 0.472005 0.060547 0.082031
0 0.019531 0.478516 0.039062 0.123698
0 0.983398 0.424479 0.033203 0.041667
0 0.642090 0.357422 0.034180 0.035156
0 0.190918 0.337240 0.034180 0.031250
0 0.252441 0.285156 0.036133 0.033854
0 0.124512 0.278646 0.043945 0.031250
0 0.341309 0.291667 0.094727 0.091146
0 0.801270 0.250651 0.055664 0.037760
0 0.377930 0.249349 0.044922 0.045573
0 0.047852 0.243490 0.095703 0.111979
0 0.492188 0.162109 0.031250 0.029948
0 0.689941 0.548828 0.620117 0.899740
0 0.427246 0.163411 0.120117 0.141927
0 0.132812 0.099609 0.035156 0.035156
0 0.099121 0.113932 0.061523 0.063802
0 0.343262 0.053385 0.022461 0.023438
0 0.282715 0.059896 0.100586 0.036458
0 0.972656 0.011719 0.054688 0.023438
0 0.921387 0.009766 0.040039 0.019531
0 0.874023 0.009766 0.064453 0.019531