0 0.593750 0.954427 0.021484 0.044271
0 0.269531 0.944661 0.042969 0.045573
0 0.306152 0.913411 0.041992 0.035156
0 0.658691 0.900391 0.043945 0.045573
0 0.026855 0.836589 0.032227 0.029948
0 0.023438 0.807943 0.046875 0.055990
0 0.799805 0.787760 0.037109 0.018229
0 0.474121 0.709635 0.028320 0.039062
0 0.547852 0.682943 0.029297 0.029948
0 0.718750 0.772786 0.382812 0.451823
0 0.495117 0.523438 0.068359 0.039062
0 0.425781 0.486328 0.046875 0.061198
0 0.883301 0.373698 0.032227 0.033854
0 0.403809 0.298177 0.047852 0.052083
0 0.296875 0.608724 0.593750 0.717448
0 0.774902 0.393880 0.450195 0.295573
0 0.239746 0.255859 0.043945 0.035156
0 0.682617 0.352214 0.566406 0.332031
0 0.470703 0.186849 0.052734 0.040365
0 0.270020 0.131510 0.034180 0.031250
0 0.733398 0.126953 0.042969 0.040365
0 0.983887 0.160156 0.032227 0.111979
0 0.507812 0.136719 0.048828 0.065104
0 0.794434 0.128906 0.086914 0.093750
0 0.068359 0.106771 0.136719 0.049479
0 0.975586 0.009766 0.048828 0.019531
0 0.434570 0.220052 0.357422 0.440104