0 0.823242 0.979818 0.039062 0.037760
0 0.700684 0.974609 0.053711 0.048177
0 0.988281 0.973307 0.023438 0.050781
0 0.161133 0.953776 0.031250 0.027344
0 0.017578 0.953125 0.027344 0.026042
0 0.105469 0.949870 0.097656 0.035156
0 0.932617 0.964844 0.070312 0.067708
0 0.202148 0.944010 0.062500 0.046875
0 0.866211 0.947917 0.076172 0.070312
0 0.189453 0.911458 0.046875 0.015625
0 0.992676 0.919271 0.014648 0.039062
0 0.391602 0.931641 0.337891 0.071615
0 0.758301 0.946615 0.063477 0.104167
0 0.820312 0.906901 0.033203 0.032552
0 0.167480 0.880859 0.026367 0.022135
0 0.788574 0.886068 0.043945 0.042969
0 0.971680 0.893880 0.042969 0.089844
0 0.037109 0.859375 0.025391 0.031250
0 0.896484 0.848307 0.142578 0.074219
0 0.007324 0.802734 0.014648 0.048177
0 0.847168 0.794271 0.051758 0.052083
0 0.922363 0.773438 0.053711 0.031250
0 0.812500 0.763672 0.076172 0.136719
0 0.011719 0.712240 0.021484 0.062500
0 0.747559 0.704427 0.040039 0.072917
0 0.789551 0.701823 0.047852 0.075521
0 0.089355 0.742188 0.147461 0.200521
0 0.987793 0.654948 0.024414 0.041667
0 0.939941 0.696615 0.120117 0.143229
0 0.796875 0.633464 0.039062 0.019531
0 0.763184 0.628255 0.053711 0.035156
0 0.967773 0.617839 0.058594 0.029948
0 0.893555 0.598958 0.058594 0.031250
0 0.300293 0.606771 0.067383 0.054688
0 0.017090 0.598958 0.034180 0.049479
0 0.075684 0.607422 0.104492 0.069010
0 0.155273 0.572266 0.056641 0.048177
0 0.245117 0.571615 0.050781 0.052083
0 0.968262 0.560547 0.041992 0.048177
0 0.919434 0.544922 0.051758 0.048177
0 0.046875 0.533854 0.078125 0.075521
0 0.126465 0.522786 0.059570 0.076823
0 0.187988 0.504557 0.022461 0.061198
0 0.064941 0.467448 0.026367 0.036458
0 0.040527 0.460938 0.022461 0.036458
0 0.227539 0.480469 0.029297 0.078125
0 0.047852 0.431641 0.023438 0.024740
0 0.240723 0.427083 0.041992 0.041667
0 0.020020 0.423177 0.040039 0.046875
0 0.010254 0.391927 0.020508 0.049479
0 0.079590 0.406250 0.096680 0.091146
0 0.975098 0.272135 0.049805 0.057292
0 0.898438 0.205729 0.070312 0.039062
0 0.061523 0.099609 0.058594 0.035156
0 0.027832 0.091146 0.055664 0.020833
0 0.552734 0.071615 0.019531 0.036458
0 0.298828 0.057943 0.029297 0.032552
0 0.930176 0.103516 0.139648 0.162760
0 0.554199 0.024089 0.041992 0.048177
0 0.500000 0.499349 1.000000 0.998698