0 0.974121 0.975260 0.047852 0.046875
0 0.604492 0.957031 0.041016 0.083333
0 0.706055 0.929688 0.042969 0.039062
0 0.792480 0.948568 0.143555 0.100260
0 0.109863 0.902995 0.043945 0.048177
0 0.656250 0.910807 0.042969 0.069010
0 0.155273 0.880208 0.037109 0.028646
0 0.753418 0.889323 0.059570 0.062500
0 0.944336 0.925781 0.111328 0.145833
0 0.648438 0.863281 0.046875 0.039062
0 0.389648 0.869141 0.042969 0.050781
0 0.583008 0.870443 0.064453 0.055990
0 0.883301 0.918620 0.084961 0.160156
0 0.790527 0.854818 0.051758 0.048177
0 0.496582 0.847656 0.047852 0.054688
0 0.751465 0.831380 0.041992 0.029948
0 0.705566 0.876953 0.063477 0.136719
0 0.959961 0.860026 0.080078 0.113281
0 0.842773 0.851562 0.085938 0.117188
0 0.718750 0.802734 0.046875 0.045573
0 0.592285 0.793620 0.043945 0.050781
0 0.810059 0.796224 0.090820 0.069010
0 0.838379 0.760417 0.024414 0.020833
0 0.024414 0.768229 0.048828 0.057292
0 0.087402 0.734375 0.024414 0.026042
0 0.092773 0.763021 0.093750 0.085938
0 0.305176 0.806641 0.129883 0.175781
0 0.942871 0.786458 0.114258 0.143229
0 0.731934 0.740885 0.073242 0.057292
0 0.866699 0.771484 0.127930 0.131510
0 0.873535 0.704427 0.030273 0.023438
0 0.158203 0.704427 0.033203 0.031250
0 0.785156 0.701172 0.021484 0.037760
0 0.961426 0.698568 0.065430 0.045573
0 0.854980 0.694010 0.036133 0.046875
0 0.923828 0.680990 0.044922 0.036458
0 0.954102 0.680990 0.058594 0.052083
0 0.230957 0.630208 0.049805 0.033854
0 0.877930 0.633464 0.064453 0.074219
0 0.973633 0.615885 0.052734 0.041667
0 0.835938 0.602214 0.029297 0.048177
0 0.960938 0.594401 0.046875 0.048177
0 0.935059 0.561849 0.051758 0.048177
0 0.144043 0.531250 0.045898 0.036458
0 0.074707 0.516276 0.038086 0.055990
0 0.969238 0.508464 0.061523 0.058594
0 0.185059 0.488281 0.041992 0.039062
0 0.930176 0.470703 0.024414 0.032552
0 0.973633 0.479818 0.052734 0.055990
0 0.459961 0.655599 0.599609 0.420573
0 0.501465 0.454427 0.075195 0.192708
0 0.687012 0.355469 0.043945 0.049479
0 0.759766 0.338542 0.033203 0.046875
0 0.427734 0.342448 0.029297 0.054688
0 0.961914 0.326823 0.031250 0.046875
0 0.990234 0.313802 0.019531 0.041667
0 0.706543 0.332031 0.065430 0.080729
0 0.423340 0.283203 0.045898 0.050781
0 0.117676 0.347005 0.059570 0.201823
0 0.344727 0.243490 0.031250 0.067708
0 0.972168 0.221354 0.053711 0.052083
0 0.920898 0.270182 0.082031 0.157552
0 0.847168 0.164062 0.051758 0.078125
0 0.988281 0.136719 0.023438 0.039062
0 0.060059 0.175130 0.030273 0.131510
0 0.078125 0.107422 0.019531 0.027344
0 0.467773 0.116536 0.035156 0.048177
0 0.405762 0.113932 0.030273 0.042969
0 0.173828 0.223958 0.080078 0.283854
0 0.141602 0.282552 0.167969 0.401042
0 0.061035 0.283854 0.122070 0.403646
0 0.739258 0.139974 0.107422 0.118490
0 0.359375 0.078776 0.039062 0.024740
0 0.307129 0.078776 0.040039 0.024740
0 0.737793 0.071615 0.024414 0.028646
0 0.266113 0.271484 0.168945 0.430990
0 0.476074 0.053385 0.143555 0.023438
0 0.380859 0.053385 0.041016 0.023438
0 0.337402 0.053385 0.053711 0.023438
0 0.292969 0.053385 0.035156 0.023438
0 0.384277 0.229818 0.333008 0.376302
0 0.529297 0.022786 0.041016 0.045573