0 0.513184 0.942057 0.081055 0.050781
0 0.272949 0.861979 0.024414 0.036458
0 0.443848 0.837891 0.024414 0.032552
0 0.361328 0.813151 0.052734 0.029948
0 0.691895 0.817057 0.020508 0.042969
0 0.800781 0.882161 0.398438 0.233073
0 0.213379 0.733724 0.040039 0.045573
0 0.293457 0.675781 0.079102 0.033854
0 0.599121 0.625000 0.028320 0.036458
0 0.152832 0.628255 0.120117 0.170573
0 0.729980 0.718099 0.540039 0.352865
0 0.356934 0.521484 0.047852 0.024740
0 0.641602 0.507161 0.048828 0.024740
0 0.809570 0.493490 0.041016 0.031250
0 0.770020 0.487630 0.034180 0.024740
0 0.419922 0.486328 0.042969 0.032552
0 0.467285 0.466146 0.024414 0.028646
0 0.509766 0.476562 0.042969 0.062500
0 0.991699 0.449219 0.016602 0.052083
0 0.656250 0.423828 0.093750 0.053385
0 0.874512 0.408854 0.051758 0.033854
0 0.986816 0.394531 0.026367 0.059896
0 0.147949 0.536458 0.295898 0.549479
0 0.785156 0.273438 0.037109 0.039062
0 0.600586 0.253906 0.041016 0.067708
0 0.743652 0.248698 0.067383 0.059896
0 0.574219 0.243490 0.054688 0.049479
0 0.643555 0.256510 0.080078 0.078125
0 0.541016 0.216146 0.033203 0.041667
0 0.677246 0.218750 0.041992 0.049479
0 0.403320 0.208333 0.039062 0.039062
0 0.618652 0.201172 0.067383 0.066406
0 0.461914 0.179688 0.025391 0.028646
0 0.481445 0.186198 0.017578 0.054688
0 0.048340 0.230469 0.096680 0.164062
0 0.543945 0.172526 0.052734 0.058594
0 0.789062 0.301432 0.421875 0.355469
0 0.454102 0.137370 0.048828 0.063802
0 0.719238 0.102214 0.028320 0.040365
0 0.113281 0.112630 0.062500 0.061198
0 0.676270 0.092448 0.057617 0.049479
0 0.411133 0.261719 0.343750 0.440104
0 0.765625 0.040365 0.017578 0.049479
0 0.973145 0.055990 0.053711 0.111979
0 0.892090 0.013021 0.063477 0.026042
0 0.771484 0.120443 0.175781 0.240885
0 0.622070 0.076172 0.128906 0.152344