0 0.673340 0.977865 0.030273 0.033854
0 0.626465 0.977865 0.045898 0.041667
0 0.929688 0.970703 0.031250 0.037760
0 0.842285 0.972656 0.055664 0.052083
0 0.128418 0.953776 0.043945 0.027344
0 0.480957 0.952474 0.038086 0.029948
0 0.900391 0.966146 0.062500 0.065104
0 0.797363 0.961589 0.086914 0.074219
0 0.603516 0.958333 0.041016 0.080729
0 0.657227 0.910807 0.033203 0.024740
0 0.306641 0.931641 0.287109 0.071615
0 0.946777 0.917969 0.045898 0.049479
0 0.711914 0.930990 0.074219 0.109375
0 0.281738 0.881510 0.049805 0.026042
0 0.161621 0.880208 0.026367 0.028646
0 0.851074 0.874349 0.024414 0.035156
0 0.733887 0.880208 0.043945 0.065104
0 0.960449 0.867839 0.043945 0.042969
0 0.095703 0.860026 0.041016 0.027344
0 0.889160 0.884766 0.053711 0.087240
0 0.053711 0.856120 0.039062 0.037760
0 0.830078 0.890625 0.062500 0.109375
0 0.016602 0.853516 0.033203 0.042969
0 0.365234 0.834635 0.031250 0.020833
0 0.766113 0.841146 0.014648 0.044271
0 0.616211 0.853516 0.140625 0.069010
0 0.988770 0.841797 0.022461 0.048177
0 0.134766 0.830729 0.070312 0.046875
0 0.835449 0.805339 0.030273 0.048177
0 0.925781 0.797526 0.037109 0.053385
0 0.975586 0.796224 0.033203 0.063802
0 0.875977 0.784505 0.054688 0.061198
0 0.795898 0.774740 0.050781 0.078125
0 0.717773 0.753255 0.048828 0.042969
0 0.939941 0.744141 0.034180 0.045573
0 0.872070 0.729818 0.023438 0.029948
0 0.980469 0.731120 0.039062 0.042969
0 0.369141 0.705729 0.087891 0.070312
0 0.735352 0.684896 0.029297 0.031250
0 0.764648 0.680339 0.041016 0.037760
0 0.842285 0.704427 0.086914 0.088542
0 0.923340 0.649740 0.077148 0.033854
0 0.807617 0.645182 0.050781 0.029948
0 0.858398 0.622396 0.041016 0.052083
0 0.923340 0.602865 0.036133 0.031250
0 0.889160 0.607422 0.038086 0.040365
0 0.968750 0.617188 0.060547 0.065104
0 0.337891 0.609375 0.052734 0.052083
0 0.949219 0.516276 0.037109 0.029948
0 0.565430 0.492839 0.021484 0.037760
0 0.350586 0.462891 0.027344 0.032552
0 0.881348 0.445312 0.026367 0.049479
0 0.364746 0.418620 0.051758 0.032552
0 0.923340 0.410156 0.024414 0.036458
0 0.873535 0.401042 0.032227 0.046875
0 0.924805 0.421224 0.082031 0.097656
0 0.906738 0.370443 0.059570 0.045573
0 0.142578 0.361328 0.058594 0.071615
0 0.155273 0.593750 0.310547 0.539062
0 0.885254 0.335286 0.045898 0.027344
0 0.982910 0.328776 0.034180 0.024740
0 0.886230 0.310547 0.032227 0.032552
0 0.015625 0.305990 0.017578 0.041667
0 0.904785 0.258464 0.026367 0.029948
0 0.201172 0.262370 0.072266 0.045573
0 0.958496 0.274740 0.081055 0.091146
0 0.027832 0.255859 0.055664 0.069010
0 0.249023 0.324870 0.125000 0.222656
0 0.965332 0.224609 0.069336 0.024740
0 0.256836 0.225260 0.050781 0.031250
0 0.202637 0.223958 0.043945 0.031250
0 0.363770 0.190755 0.041992 0.027344
0 0.033203 0.200521 0.066406 0.057292
0 0.097656 0.277995 0.132812 0.220052
0 0.205566 0.184245 0.040039 0.037760
0 0.342773 0.163411 0.025391 0.045573
0 0.283203 0.164062 0.105469 0.083333
0 0.123535 0.149089 0.065430 0.058594
0 0.284180 0.138672 0.052734 0.055990
0 0.309570 0.115885 0.054688 0.046875
0 0.193359 0.121094 0.070312 0.078125
0 0.067383 0.109375 0.042969 0.054688
0 0.026367 0.113281 0.052734 0.062500
0 0.358398 0.117188 0.035156 0.078125
0 0.619629 0.472005 0.624023 0.845052
0 0.314941 0.061849 0.028320 0.029948
0 0.419434 0.214844 0.243164 0.346354
0 0.335449 0.058594 0.038086 0.033854
0 0.232422 0.070312 0.035156 0.083333
0 0.852051 0.027344 0.182617 0.054688