0 0.935547 0.981120 0.044922 0.035156
0 0.147949 0.951823 0.038086 0.031250
0 0.253906 0.948568 0.031250 0.037760
0 0.921875 0.927734 0.025391 0.029948
0 0.953613 0.928385 0.034180 0.065104
0 0.462402 0.912760 0.053711 0.033854
0 0.345703 0.931641 0.181641 0.071615
0 0.213867 0.931641 0.052734 0.071615
0 0.079102 0.860677 0.033203 0.026042
0 0.161133 0.856120 0.064453 0.076823
0 0.971191 0.811198 0.043945 0.044271
0 0.084473 0.798177 0.036133 0.067708
0 0.020996 0.798177 0.041992 0.070312
0 0.979980 0.748047 0.024414 0.040365
0 0.959961 0.739583 0.025391 0.028646
0 0.145996 0.725911 0.024414 0.032552
0 0.898438 0.717448 0.027344 0.039062
0 0.168457 0.703125 0.051758 0.044271
0 0.084961 0.696615 0.031250 0.049479
0 0.090332 0.660807 0.041992 0.022135
0 0.152832 0.661458 0.026367 0.041667
0 0.961914 0.662109 0.039062 0.063802
0 0.986328 0.653646 0.027344 0.059896
0 0.966797 0.618490 0.041016 0.044271
0 0.087402 0.616536 0.040039 0.042969
0 0.033203 0.665365 0.066406 0.179688
0 0.880859 0.585286 0.039062 0.029948
0 0.433594 0.567708 0.027344 0.039062
0 0.391113 0.557292 0.022461 0.031250
0 0.947266 0.560547 0.027344 0.048177
0 0.187988 0.559896 0.036133 0.070312
0 0.044922 0.554688 0.042969 0.078125
0 0.021484 0.539062 0.039062 0.052083
0 0.081055 0.503255 0.050781 0.055990
0 0.014648 0.490234 0.029297 0.029948
0 0.121582 0.509766 0.045898 0.082031
0 0.756348 0.468750 0.038086 0.020833
0 0.878418 0.510417 0.098633 0.125000
0 0.820801 0.455078 0.043945 0.042969
0 0.071777 0.442708 0.024414 0.020833
0 0.897461 0.453125 0.078125 0.111979
0 0.933105 0.405599 0.038086 0.040365
0 0.027832 0.422526 0.055664 0.074219
0 0.977539 0.395182 0.044922 0.045573
0 0.091797 0.367839 0.042969 0.032552
0 0.822754 0.393880 0.098633 0.105469
0 0.014648 0.358724 0.029297 0.037760
0 0.964844 0.345052 0.035156 0.039062
0 0.750000 0.333333 0.033203 0.023438
0 0.102051 0.307292 0.053711 0.039062
0 0.894043 0.304688 0.055664 0.057292
0 0.695312 0.296224 0.031250 0.048177
0 0.757812 0.296224 0.048828 0.055990
0 0.813965 0.279948 0.057617 0.033854
0 0.902344 0.271484 0.033203 0.019531
0 0.051758 0.269531 0.068359 0.057292
0 0.763672 0.258464 0.052734 0.037760
0 0.948242 0.253255 0.054688 0.032552
0 0.667480 0.248047 0.045898 0.032552
0 0.988770 0.242839 0.022461 0.024740
0 0.724121 0.248047 0.024414 0.035156
0 0.647461 0.223307 0.042969 0.037760
0 0.046387 0.227214 0.032227 0.045573
0 0.472168 0.220703 0.040039 0.042969
0 0.963867 0.216146 0.058594 0.039062
0 0.688965 0.204427 0.049805 0.036458
0 0.099609 0.220052 0.070312 0.088542
0 0.832031 0.212240 0.076172 0.085938
0 0.623047 0.172526 0.035156 0.032552
0 0.646484 0.167318 0.029297 0.027344
0 0.801270 0.167969 0.051758 0.054688
0 0.750000 0.166667 0.050781 0.072917
0 0.106934 0.143229 0.045898 0.052083
0 0.812988 0.117839 0.030273 0.042969
0 0.039062 0.138672 0.078125 0.105469
0 0.697266 0.118490 0.062500 0.067708
0 0.770996 0.077474 0.071289 0.069010
0 0.986328 0.011719 0.027344 0.023438
0 0.665527 0.021484 0.041992 0.042969
0 0.558594 0.025391 0.099609 0.050781
0 0.517090 0.499349 0.825195 0.998698