0 0.840820 0.979818 0.037109 0.037760
0 0.892578 0.970703 0.074219 0.055990
0 0.754395 0.966146 0.051758 0.065104
0 0.842773 0.934896 0.042969 0.052083
0 0.795898 0.932292 0.058594 0.070312
0 0.270996 0.931641 0.108398 0.071615
0 0.796387 0.875000 0.069336 0.052083
0 0.010254 0.858724 0.020508 0.022135
0 0.130859 0.846354 0.042969 0.026042
0 0.831543 0.847005 0.040039 0.053385
0 0.034180 0.835938 0.068359 0.078125
0 0.444824 0.815104 0.041992 0.039062
0 0.665039 0.871745 0.164062 0.253906
0 0.464355 0.758464 0.032227 0.035156
0 0.388184 0.812500 0.418945 0.164062
0 0.915039 0.856120 0.169922 0.259115
0 0.108887 0.744792 0.049805 0.070312
0 0.553711 0.710286 0.029297 0.029948
0 0.040527 0.744141 0.081055 0.123698
0 0.156250 0.698568 0.062500 0.102865
0 0.080566 0.664062 0.038086 0.036458
0 0.048340 0.656901 0.036133 0.058594
0 0.144531 0.614583 0.039062 0.062500
0 0.014648 0.605469 0.029297 0.044271
0 0.272949 0.586589 0.034180 0.027344
0 0.058594 0.586589 0.039062 0.037760
0 0.117188 0.598307 0.017578 0.063802
0 0.090820 0.572266 0.013672 0.037760
0 0.089355 0.497396 0.022461 0.041667
0 0.036621 0.513021 0.073242 0.125000
0 0.036621 0.447266 0.026367 0.076823
0 0.019531 0.344401 0.029297 0.066406
0 0.392090 0.281901 0.040039 0.027344
0 0.020508 0.270833 0.033203 0.049479
0 0.399414 0.386719 0.798828 0.690104
0 0.644531 0.132812 0.345703 0.187500
0 0.895996 0.011719 0.192383 0.023438
0 0.529785 0.106771 0.381836 0.213542