0 0.289062 0.938151 0.031250 0.035156
0 0.468750 0.931641 0.203125 0.071615
0 0.343750 0.931641 0.103516 0.071615
0 0.153320 0.850260 0.089844 0.088542
0 0.605469 0.746745 0.035156 0.032552
0 0.634277 0.722656 0.020508 0.026042
0 0.079102 0.699219 0.042969 0.083333
0 0.031250 0.656901 0.048828 0.061198
0 0.051758 0.695312 0.103516 0.164062
0 0.025391 0.582031 0.050781 0.036458
0 0.979492 0.591797 0.041016 0.089844
0 0.045898 0.492188 0.091797 0.070312
0 0.132812 0.499349 0.115234 0.092448
0 0.679199 0.459635 0.034180 0.031250
0 0.326660 0.470703 0.143555 0.055990
0 0.963867 0.459635 0.072266 0.140625
0 0.458496 0.688151 0.916992 0.621094
0 0.885742 0.392578 0.080078 0.032552
0 0.217773 0.417318 0.080078 0.084635
0 0.925781 0.379557 0.025391 0.027344
0 0.318848 0.377604 0.032227 0.033854
0 0.720703 0.345052 0.052734 0.041667
0 0.695312 0.316406 0.044922 0.023438
0 0.309570 0.222005 0.037109 0.024740
0 0.073730 0.244792 0.139648 0.119792
0 0.992188 0.152344 0.015625 0.031250
0 0.360352 0.242188 0.246094 0.299479
0 0.992188 0.108724 0.015625 0.053385
0 0.381836 0.078776 0.093750 0.024740
0 0.242676 0.136068 0.307617 0.152344
0 0.991699 0.063802 0.016602 0.033854
0 0.421387 0.053385 0.096680 0.023438
0 0.225098 0.055990 0.026367 0.033854
0 0.779297 0.030599 0.035156 0.024740
0 0.978516 0.013021 0.042969 0.026042
0 0.911133 0.009766 0.060547 0.019531
0 0.854492 0.007161 0.052734 0.014323
0 0.727539 0.100260 0.265625 0.200521