0 0.056152 0.956380 0.040039 0.022135
0 0.160156 0.939453 0.082031 0.055990
0 0.227051 0.931641 0.102539 0.071615
0 0.067383 0.929688 0.029297 0.067708
0 0.100098 0.927083 0.049805 0.080729
0 0.104004 0.903646 0.032227 0.057292
0 0.350098 0.878906 0.059570 0.031250
0 0.078613 0.856771 0.040039 0.052083
0 0.281738 0.844401 0.114258 0.100260
0 0.196777 0.819010 0.049805 0.083333
0 0.750977 0.887370 0.498047 0.222656
0 0.353027 0.780599 0.028320 0.029948
0 0.031738 0.828125 0.063477 0.145833
0 0.653320 0.724609 0.029297 0.032552
0 0.025879 0.733724 0.051758 0.050781
0 0.830566 0.832031 0.338867 0.250000
0 0.485840 0.695964 0.036133 0.040365
0 0.563477 0.682943 0.048828 0.022135
0 0.973145 0.695312 0.030273 0.062500
0 0.971191 0.641276 0.022461 0.029948
0 0.854492 0.646484 0.060547 0.053385
0 0.646484 0.658854 0.082031 0.083333
0 0.916016 0.629557 0.066406 0.045573
0 0.986816 0.617839 0.026367 0.045573
0 0.312500 0.603516 0.023438 0.029948
0 0.859863 0.596354 0.049805 0.036458
0 0.482910 0.628255 0.083008 0.128906
0 0.961914 0.553385 0.035156 0.023438
0 0.814453 0.561849 0.050781 0.058594
0 0.451172 0.542318 0.041016 0.050781
0 0.191406 0.536458 0.031250 0.039062
0 0.263672 0.508464 0.050781 0.022135
0 0.809082 0.524089 0.043945 0.074219
0 0.015137 0.475260 0.030273 0.033854
0 0.957520 0.472005 0.051758 0.048177
0 0.983887 0.440104 0.032227 0.041667
0 0.524902 0.481771 0.221680 0.250000
0 0.712891 0.454427 0.228516 0.304688
0 0.533691 0.335286 0.067383 0.069010
0 0.736328 0.284505 0.027344 0.029948
0 0.811035 0.309245 0.114258 0.115885
0 0.903809 0.269531 0.036133 0.044271
0 0.121094 0.569661 0.242188 0.662760
0 0.911621 0.408203 0.176758 0.365885
0 0.170410 0.248047 0.043945 0.045573
0 0.551758 0.244792 0.066406 0.044271
0 0.458984 0.293620 0.125000 0.167969
0 0.883789 0.225911 0.031250 0.053385
0 0.728027 0.244141 0.084961 0.089844
0 0.618652 0.282552 0.110352 0.169271
0 0.276367 0.206380 0.035156 0.022135
0 0.671387 0.188151 0.045898 0.037760
0 0.632812 0.177734 0.017578 0.035156
0 0.673828 0.125651 0.025391 0.035156
0 0.809082 0.184896 0.120117 0.169271
0 0.485840 0.157552 0.336914 0.130208
0 0.081543 0.175130 0.163086 0.165365
0 0.718262 0.145833 0.083008 0.119792
0 0.115723 0.103516 0.043945 0.042969
0 0.075684 0.097656 0.045898 0.031250
0 0.647949 0.078776 0.026367 0.024740
0 0.467285 0.078776 0.239258 0.024740
0 0.822266 0.113281 0.074219 0.111979
0 0.783203 0.079427 0.031250 0.049479
0 0.749023 0.069010 0.046875 0.052083
0 0.391113 0.053385 0.202148 0.023438
0 0.589844 0.043620 0.035156 0.042969
0 0.916504 0.039062 0.166992 0.078125
0 0.791504 0.027995 0.051758 0.055990
0 0.662109 0.032552 0.042969 0.065104
0 0.582031 0.015625 0.029297 0.031250
0 0.535645 0.032552 0.049805 0.065104
0 0.221191 0.014974 0.012695 0.029948