0 0.969238 0.988932 0.051758 0.019531
0 0.845703 0.985026 0.025391 0.027344
0 0.780762 0.979167 0.049805 0.039062
0 0.811523 0.934896 0.021484 0.049479
0 0.240234 0.928385 0.037109 0.046875
0 0.918945 0.919271 0.054688 0.070312
0 0.960938 0.924479 0.078125 0.093750
0 0.901367 0.872396 0.056641 0.057292
0 0.348633 0.866536 0.154297 0.055990
0 0.939941 0.829427 0.038086 0.033854
0 0.889648 0.826172 0.046875 0.048177
0 0.142090 0.804036 0.237305 0.141927
0 0.498535 0.785807 0.110352 0.118490
0 0.292969 0.729818 0.042969 0.027344
0 0.905273 0.712891 0.041016 0.024740
0 0.420898 0.676432 0.031250 0.029948
0 0.358398 0.705078 0.089844 0.087240
0 0.936035 0.671224 0.057617 0.029948
0 0.943359 0.777344 0.113281 0.247396
0 0.113770 0.695312 0.077148 0.088542
0 0.276367 0.660807 0.048828 0.063802
0 0.187500 0.639974 0.035156 0.042969
0 0.014648 0.659505 0.029297 0.084635
0 0.470703 0.639323 0.099609 0.106771
0 0.587891 0.571615 0.031250 0.039062
0 0.615723 0.516276 0.040039 0.024740
0 0.275391 0.559245 0.078125 0.118490
0 0.063965 0.540365 0.065430 0.088542
0 0.440430 0.501302 0.041016 0.028646
0 0.867188 0.479167 0.033203 0.023438
0 0.277344 0.484375 0.025391 0.044271
0 0.129883 0.444661 0.037109 0.037760
0 0.927246 0.423828 0.028320 0.040365
0 0.497559 0.450521 0.069336 0.169271
0 0.981934 0.427734 0.036133 0.126302
0 0.439941 0.406901 0.065430 0.141927
0 0.970215 0.305339 0.059570 0.074219
0 0.265137 0.258464 0.059570 0.087240
0 0.855469 0.223307 0.037109 0.027344
0 0.937500 0.231120 0.052734 0.089844
0 0.903809 0.205078 0.026367 0.037760
0 0.019043 0.199870 0.038086 0.087240
0 0.035645 0.137370 0.026367 0.040365
0 0.810547 0.104167 0.031250 0.033854
0 0.204102 0.097656 0.021484 0.031250
0 0.015137 0.123698 0.030273 0.083333
0 0.352051 0.098958 0.030273 0.044271
0 0.367676 0.057292 0.034180 0.031250
0 0.331543 0.061849 0.043945 0.040365
0 0.271484 0.088542 0.050781 0.093750
0 0.374023 0.337891 0.748047 0.592448
0 0.700684 0.054036 0.081055 0.066406
0 0.657227 0.009115 0.029297 0.018229
0 0.722168 0.369141 0.444336 0.738281