0 0.093262 0.955078 0.036133 0.024740
0 0.556152 0.914714 0.038086 0.037760
0 0.024414 0.913411 0.037109 0.035156
0 0.518066 0.878255 0.067383 0.032552
0 0.130371 0.851562 0.028320 0.031250
0 0.344238 0.848958 0.049805 0.054688
0 0.379883 0.831380 0.035156 0.069010
0 0.195801 0.822917 0.036133 0.062500
0 0.512207 0.791667 0.032227 0.033854
0 0.448730 0.796875 0.104492 0.072917
0 0.392090 0.742839 0.036133 0.037760
0 0.067871 0.814453 0.135742 0.243490
0 0.302246 0.741536 0.219727 0.305990
0 0.193848 0.611979 0.055664 0.070312
0 0.264648 0.580078 0.035156 0.037760
0 0.152344 0.566406 0.041016 0.031250
0 0.193848 0.550781 0.043945 0.046875
0 0.043945 0.613281 0.087891 0.213542
0 0.094238 0.505859 0.047852 0.040365
0 0.187012 0.487630 0.047852 0.042969
0 0.122559 0.472656 0.038086 0.033854
0 0.333984 0.511068 0.113281 0.121094
0 0.213379 0.473958 0.073242 0.083333
0 0.917969 0.417318 0.035156 0.032552
0 0.025391 0.392578 0.050781 0.027344
0 0.355469 0.375651 0.027344 0.029948
0 0.636230 0.385417 0.038086 0.054688
0 0.943848 0.372396 0.038086 0.039062
0 0.642578 0.661458 0.490234 0.674479
0 0.447754 0.291016 0.028320 0.040365
0 0.506836 0.244141 0.037109 0.024740
0 0.755859 0.212891 0.017578 0.037760
0 0.849121 0.563151 0.301758 0.759115
0 0.682129 0.190104 0.030273 0.036458
0 0.583008 0.188802 0.146484 0.111979
0 0.677734 0.144531 0.044922 0.036458
0 0.041992 0.143229 0.019531 0.049479
0 0.992188 0.142578 0.015625 0.055990
0 0.713379 0.120443 0.030273 0.024740
0 0.677734 0.119141 0.039062 0.024740
0 0.588867 0.119141 0.132812 0.024740
0 0.379395 0.119141 0.053711 0.024740
0 0.309570 0.123698 0.037109 0.033854
0 0.637695 0.098958 0.107422 0.013021
0 0.538086 0.098958 0.103516 0.013021
0 0.042480 0.109375 0.034180 0.036458
0 0.135254 0.101562 0.034180 0.039062
0 0.100098 0.106771 0.055664 0.049479
0 0.593262 0.078776 0.049805 0.024740
0 0.513184 0.078776 0.090820 0.024740
0 0.283203 0.078125 0.042969 0.023438
0 0.845703 0.063802 0.148438 0.127604
0 0.659668 0.020182 0.055664 0.040365
0 0.543457 0.032552 0.268555 0.065104
0 0.258301 0.188151 0.516602 0.376302