0 0.987305 0.975260 0.025391 0.046875
0 0.157715 0.944010 0.057617 0.046875
0 0.706543 0.939453 0.051758 0.042969
0 0.110352 0.938802 0.019531 0.057292
0 0.062012 0.932943 0.018555 0.069010
0 0.028809 0.922526 0.020508 0.053385
0 0.091309 0.919922 0.030273 0.061198
0 0.979004 0.893229 0.041992 0.023438
0 0.199219 0.859375 0.029297 0.031250
0 0.090332 0.856771 0.036133 0.033854
0 0.159668 0.845703 0.038086 0.048177
0 0.059570 0.847656 0.033203 0.057292
0 0.115234 0.810547 0.046875 0.037760
0 0.623535 0.887370 0.083008 0.207031
0 0.664062 0.794922 0.031250 0.027344
0 0.797363 0.764323 0.038086 0.044271
0 0.541504 0.764323 0.034180 0.052083
0 0.453125 0.755208 0.023438 0.041667
0 0.195801 0.740885 0.032227 0.039062
0 0.863770 0.854167 0.272461 0.289062
0 0.291504 0.650391 0.034180 0.029948
0 0.854980 0.647786 0.290039 0.246094
0 0.327148 0.483724 0.044922 0.029948
0 0.908203 0.468099 0.031250 0.037760
0 0.737305 0.447917 0.048828 0.054688
0 0.579102 0.402344 0.031250 0.031250
0 0.082031 0.399740 0.041016 0.026042
0 0.973633 0.397135 0.029297 0.049479
0 0.594727 0.378255 0.037109 0.032552
0 0.020996 0.351562 0.041992 0.096354
0 0.071289 0.315755 0.062500 0.089844
0 0.309570 0.282552 0.037109 0.026042
0 0.867676 0.348958 0.165039 0.164062
0 0.158203 0.263021 0.041016 0.052083
0 0.831543 0.262370 0.051758 0.058594
0 0.746094 0.317708 0.146484 0.174479
0 0.500488 0.279948 0.108398 0.117188
0 0.967285 0.281901 0.065430 0.123698
0 0.875488 0.229818 0.036133 0.037760
0 0.720703 0.227214 0.060547 0.042969
0 0.552246 0.374349 0.254883 0.345052
0 0.738281 0.199870 0.029297 0.022135
0 0.921387 0.199870 0.055664 0.032552
0 0.831055 0.202474 0.062500 0.053385
0 0.989258 0.217448 0.021484 0.091146
0 0.724609 0.171875 0.033203 0.039062
0 0.124512 0.207031 0.100586 0.135417
0 0.575195 0.160807 0.042969 0.045573
0 0.605957 0.165365 0.028320 0.062500
0 0.777344 0.162109 0.058594 0.089844
0 0.660156 0.162109 0.091797 0.110677
0 0.820801 0.143880 0.047852 0.079427
0 0.540527 0.111328 0.040039 0.050781
0 0.185059 0.104167 0.040039 0.044271
0 0.030273 0.128906 0.060547 0.093750
0 0.850586 0.102865 0.017578 0.057292
0 0.822754 0.104818 0.041992 0.074219
0 0.767090 0.078125 0.030273 0.028646
0 0.718750 0.070312 0.050781 0.054688
0 0.224609 0.041016 0.019531 0.048177
0 0.917969 0.029297 0.046875 0.058594
0 0.879883 0.024089 0.050781 0.048177
0 0.796387 0.033203 0.041992 0.066406
0 0.666016 0.029948 0.044922 0.059896
0 0.282715 0.442708 0.565430 0.885417