0 0.517578 0.931641 0.105469 0.071615
0 0.350098 0.931641 0.053711 0.071615
0 0.379883 0.871745 0.048828 0.045573
0 0.925781 0.860677 0.023438 0.046875
0 0.336914 0.860677 0.033203 0.067708
0 0.308105 0.852214 0.020508 0.050781
0 0.428711 0.849609 0.035156 0.055990
0 0.269531 0.832682 0.017578 0.037760
0 0.251465 0.792318 0.073242 0.089844
0 0.378906 0.781250 0.068359 0.119792
0 0.819824 0.732422 0.024414 0.032552
0 0.201172 0.735677 0.031250 0.041667
0 0.410645 0.752604 0.045898 0.088542
0 0.321777 0.748047 0.043945 0.079427
0 0.273926 0.721354 0.065430 0.075521
0 0.363281 0.670573 0.033203 0.041667
0 0.333008 0.626302 0.044922 0.065104
0 0.160156 0.611328 0.027344 0.042969
0 0.348633 0.537760 0.054688 0.065104
0 0.132324 0.555990 0.051758 0.101562
0 0.090820 0.537109 0.062500 0.074219
0 0.164062 0.518229 0.064453 0.054688
0 0.686523 0.442708 0.025391 0.033854
0 0.079590 0.424479 0.032227 0.028646
0 0.158203 0.671875 0.316406 0.591146
0 0.062988 0.376953 0.036133 0.050781
0 0.020020 0.363281 0.040039 0.036458
0 0.240234 0.362630 0.070312 0.037760
0 0.541992 0.330078 0.035156 0.035156
0 0.981445 0.215495 0.037109 0.058594
0 0.371582 0.148438 0.043945 0.033854
0 0.199219 0.238281 0.398438 0.315104
0 0.500000 0.519531 1.000000 0.958333
0 0.898926 0.009766 0.077148 0.019531
0 0.791504 0.017578 0.059570 0.035156
0 0.633301 0.030599 0.106445 0.061198
0 0.559082 0.029948 0.065430 0.059896