0 0.311523 0.936849 0.029297 0.042969
0 0.187012 0.940104 0.032227 0.049479
0 0.441895 0.931641 0.256836 0.071615
0 0.032227 0.931641 0.056641 0.071615
0 0.191895 0.850911 0.049805 0.050781
0 0.680664 0.791667 0.035156 0.028646
0 0.608887 0.781250 0.038086 0.023438
0 0.957520 0.759115 0.034180 0.065104
0 0.951660 0.697917 0.088867 0.078125
0 0.894531 0.678385 0.042969 0.049479
0 0.421875 0.661458 0.023438 0.036458
0 0.266602 0.643229 0.031250 0.041667
0 0.914062 0.641276 0.033203 0.040365
0 0.805664 0.570964 0.025391 0.037760
0 0.828613 0.559896 0.018555 0.036458
0 0.878906 0.574219 0.083984 0.078125
0 0.739258 0.561198 0.064453 0.054688
0 0.500000 0.764974 1.000000 0.467448
0 0.407715 0.477214 0.036133 0.058594
0 0.420898 0.404948 0.046875 0.031250
0 0.726074 0.218750 0.045898 0.033854
0 0.382812 0.218750 0.037109 0.046875
0 0.285156 0.205078 0.035156 0.055990
0 0.320801 0.186198 0.032227 0.033854
0 0.206055 0.469401 0.412109 0.600260
0 0.791504 0.391927 0.416992 0.601562
0 0.814453 0.108073 0.025391 0.044271
0 0.170410 0.111328 0.077148 0.058594
0 0.843262 0.115885 0.032227 0.080729
0 0.402832 0.070312 0.041992 0.054688
0 0.796387 0.054688 0.032227 0.031250
0 0.401855 0.253906 0.606445 0.507812