0 0.868164 0.984375 0.054688 0.028646
0 0.898438 0.979167 0.033203 0.039062
0 0.953125 0.974609 0.082031 0.048177
0 0.363770 0.957031 0.043945 0.020833
0 0.080078 0.955729 0.046875 0.023438
0 0.421387 0.946615 0.040039 0.041667
0 0.458984 0.943359 0.027344 0.040365
0 0.111328 0.930339 0.058594 0.029948
0 0.304199 0.940755 0.063477 0.053385
0 0.022461 0.938802 0.037109 0.049479
0 0.331543 0.930990 0.053711 0.041667
0 0.900879 0.929688 0.059570 0.059896
0 0.396484 0.916016 0.062500 0.040365
0 0.068848 0.914062 0.045898 0.036458
0 0.024902 0.905599 0.041992 0.019531
0 0.150879 0.909505 0.065430 0.032552
0 0.019043 0.886719 0.038086 0.054688
0 0.869141 0.878255 0.029297 0.040365
0 0.913574 0.873698 0.081055 0.062500
0 0.362793 0.841146 0.049805 0.031250
0 0.938477 0.840495 0.029297 0.053385
0 0.937012 0.836589 0.125977 0.248698
0 0.289551 0.664714 0.026367 0.053385
0 0.006348 0.664714 0.012695 0.066406
0 0.267090 0.644531 0.030273 0.028646
0 0.414062 0.759115 0.626953 0.270833
0 0.964355 0.645182 0.071289 0.173177
0 0.584473 0.561198 0.036133 0.036458
0 0.847168 0.563151 0.061523 0.058594
0 0.819824 0.538411 0.034180 0.037760
0 0.010254 0.526042 0.020508 0.049479
0 0.432617 0.529948 0.060547 0.062500
0 0.615723 0.512370 0.040039 0.037760
0 0.261230 0.552083 0.106445 0.148438
0 0.951660 0.557292 0.096680 0.184896
0 0.287109 0.473958 0.042969 0.033854
0 0.029785 0.477865 0.040039 0.046875
0 0.992188 0.453776 0.015625 0.035156
0 0.142578 0.444010 0.039062 0.026042
0 0.837402 0.387370 0.034180 0.040365
0 0.743164 0.378255 0.037109 0.035156
0 0.984863 0.385417 0.030273 0.054688
0 0.791016 0.393229 0.070312 0.070312
0 0.336426 0.359375 0.038086 0.031250
0 0.845215 0.347656 0.028320 0.033854
0 0.802734 0.336589 0.025391 0.035156
0 0.301270 0.332682 0.045898 0.027344
0 0.731934 0.320964 0.051758 0.037760
0 0.057129 0.326172 0.043945 0.079427
0 0.469238 0.277344 0.026367 0.018229
0 0.005371 0.280599 0.010742 0.050781
0 0.776855 0.265625 0.057617 0.075521
0 0.657715 0.243490 0.032227 0.039062
0 0.916016 0.258464 0.062500 0.089844
0 0.191895 0.235677 0.030273 0.059896
0 0.842285 0.228516 0.049805 0.048177
0 0.705078 0.264323 0.126953 0.122396
0 0.647461 0.203125 0.039062 0.041667
0 0.047363 0.187500 0.032227 0.046875
0 0.198730 0.176432 0.032227 0.032552
0 0.797852 0.140625 0.042969 0.033854
0 0.581543 0.146484 0.028320 0.048177
0 0.608887 0.132161 0.041992 0.053385
0 0.728516 0.132161 0.033203 0.061198
0 0.054688 0.233724 0.109375 0.264323
0 0.808105 0.107422 0.036133 0.035156
0 0.652832 0.104818 0.047852 0.035156
0 0.694824 0.350260 0.610352 0.536458
0 0.111328 0.284505 0.222656 0.404948
0 0.044434 0.154948 0.088867 0.145833
0 0.014160 0.094401 0.028320 0.024740
0 0.991211 0.098307 0.017578 0.037760
0 0.701172 0.102214 0.033203 0.061198
0 0.418457 0.339844 0.305664 0.565104
0 0.784180 0.074870 0.058594 0.063802
0 0.715820 0.069661 0.064453 0.053385
0 0.494629 0.054036 0.036133 0.024740
0 0.663574 0.062500 0.049805 0.044271
0 0.585938 0.058594 0.068359 0.070312
0 0.632324 0.039714 0.059570 0.061198
0 0.921387 0.010417 0.047852 0.020833