0 0.933594 0.927083 0.023438 0.039062
0 0.198242 0.936849 0.064453 0.061198
0 0.507812 0.914714 0.037109 0.037760
0 0.385742 0.931641 0.208984 0.071615
0 0.895508 0.912109 0.037109 0.042969
0 0.055664 0.879557 0.111328 0.175781
0 0.538574 0.829427 0.069336 0.101562
0 0.707031 0.766276 0.023438 0.027344
0 0.532715 0.764323 0.053711 0.049479
0 0.264648 0.743490 0.039062 0.026042
0 0.689941 0.753906 0.028320 0.065104
0 0.540039 0.713542 0.021484 0.039062
0 0.593750 0.716146 0.042969 0.046875
0 0.689453 0.700521 0.017578 0.046875
0 0.158203 0.773438 0.166016 0.242188
0 0.227051 0.645833 0.065430 0.039062
0 0.733398 0.654297 0.058594 0.058594
0 0.196777 0.631510 0.055664 0.036458
0 0.149414 0.612630 0.029297 0.029948
0 0.586914 0.662760 0.099609 0.143229
0 0.218750 0.587891 0.042969 0.042969
0 0.249023 0.472656 0.029297 0.044271
0 0.351074 0.447266 0.032227 0.027344
0 0.358398 0.647786 0.333984 0.493490
0 0.184082 0.420573 0.069336 0.041667
0 0.184082 0.376953 0.043945 0.040365
0 0.600586 0.462240 0.433594 0.359375
0 0.048828 0.194010 0.031250 0.028646
0 0.985352 0.162109 0.029297 0.087240
0 0.107422 0.185547 0.197266 0.207031
0 0.784668 0.528646 0.430664 0.940104
0 0.724609 0.061849 0.023438 0.027344
0 0.757812 0.070964 0.070312 0.071615
0 0.302734 0.205729 0.244141 0.398438
0 0.930176 0.011719 0.096680 0.023438
0 0.797363 0.024089 0.073242 0.048177
0 0.539551 0.032552 0.049805 0.065104