0 0.955078 0.986979 0.031250 0.023438
0 0.985352 0.985677 0.029297 0.026042
0 0.714844 0.978516 0.035156 0.032552
0 0.853516 0.962891 0.033203 0.035156
0 0.820801 0.929688 0.036133 0.033854
0 0.939453 0.923177 0.121094 0.122396
0 0.810059 0.882812 0.034180 0.041667
0 0.094238 0.857422 0.020508 0.032552
0 0.177734 0.826823 0.044922 0.039062
0 0.178711 0.789714 0.039062 0.032552
0 0.135742 0.787760 0.035156 0.031250
0 0.219238 0.716146 0.045898 0.062500
0 0.036621 0.710286 0.030273 0.050781
0 0.845703 0.694661 0.039062 0.037760
0 0.099121 0.677734 0.028320 0.035156
0 0.120117 0.727865 0.158203 0.182292
0 0.333496 0.647135 0.034180 0.033854
0 0.114746 0.638672 0.032227 0.040365
0 0.405762 0.617839 0.041992 0.035156
0 0.249512 0.595703 0.026367 0.029948
0 0.529785 0.593099 0.065430 0.027344
0 0.577148 0.589844 0.033203 0.023438
0 0.059570 0.604167 0.054688 0.070312
0 0.014160 0.582031 0.028320 0.033854
0 0.075195 0.567057 0.031250 0.032552
0 0.329590 0.552734 0.024414 0.032552
0 0.104492 0.566406 0.037109 0.072917
0 0.051758 0.554688 0.033203 0.049479
0 0.547363 0.550781 0.026367 0.044271
0 0.721680 0.762370 0.556641 0.472656
0 0.232910 0.537760 0.043945 0.028646
0 0.011719 0.542318 0.023438 0.045573
0 0.890625 0.518229 0.035156 0.036458
0 0.015625 0.498047 0.031250 0.042969
0 0.198730 0.545573 0.168945 0.179688
0 0.901367 0.447917 0.027344 0.026042
0 0.015137 0.454427 0.030273 0.046875
0 0.284180 0.455729 0.060547 0.052083
0 0.056152 0.424479 0.045898 0.067708
0 0.018066 0.413411 0.036133 0.045573
0 0.063477 0.382161 0.054688 0.058594
0 0.219727 0.384766 0.060547 0.079427
0 0.161621 0.363281 0.028320 0.036458
0 0.220703 0.337240 0.046875 0.026042
0 0.064941 0.324870 0.061523 0.040365
0 0.863770 0.333984 0.055664 0.087240
0 0.262207 0.307943 0.040039 0.040365
0 0.984375 0.343750 0.031250 0.117188
0 0.347168 0.335938 0.057617 0.104167
0 0.309570 0.274740 0.029297 0.031250
0 0.202148 0.281250 0.052734 0.046875
0 0.404785 0.271484 0.083008 0.040365
0 0.637207 0.320312 0.157227 0.148438
0 0.158691 0.290365 0.034180 0.106771
0 0.920410 0.311849 0.088867 0.170573
0 0.390625 0.245443 0.037109 0.037760
0 0.343750 0.242188 0.054688 0.041667
0 0.250000 0.246094 0.025391 0.049479
0 0.175781 0.238932 0.044922 0.040365
0 0.220215 0.230469 0.032227 0.028646
0 0.188477 0.218750 0.031250 0.052083
0 0.669922 0.210286 0.015625 0.037760
0 0.820312 0.280599 0.062500 0.186198
0 0.937012 0.263021 0.102539 0.226562
0 0.655273 0.223307 0.062500 0.204427
0 0.580078 0.167969 0.015625 0.106771
0 0.374023 0.145182 0.056641 0.084635
0 0.505371 0.132812 0.030273 0.075521
0 0.644531 0.119141 0.035156 0.053385
0 0.604980 0.173177 0.057617 0.161458
0 0.527832 0.142578 0.024414 0.100260
0 0.457520 0.328776 0.344727 0.472656
0 0.419922 0.158854 0.089844 0.132812
0 0.107910 0.192708 0.215820 0.223958
0 0.847656 0.183594 0.082031 0.216146
0 0.643555 0.078776 0.033203 0.024740
0 0.558594 0.078776 0.044922 0.024740
0 0.521973 0.078776 0.022461 0.024740
0 0.479980 0.078776 0.024414 0.024740
0 0.374023 0.078776 0.033203 0.024740
0 0.222168 0.082031 0.020508 0.059896
0 0.984375 0.150391 0.031250 0.209635
0 0.480469 0.053385 0.044922 0.023438
0 0.344727 0.053385 0.099609 0.023438
0 0.282227 0.160156 0.138672 0.236979
0 0.954102 0.078776 0.050781 0.082031
0 0.905273 0.057943 0.042969 0.115885
0 0.869629 0.055339 0.030273 0.110677
0 0.826172 0.031250 0.056641 0.062500
0 0.734863 0.178385 0.141602 0.356771
0 0.628418 0.032552 0.102539 0.065104
0 0.558594 0.032552 0.054688 0.065104
0 0.520020 0.032552 0.032227 0.065104