0 0.750000 0.966797 0.035156 0.053385
0 0.069336 0.947266 0.048828 0.040365
0 0.235352 0.932292 0.072266 0.041667
0 0.832520 0.924479 0.034180 0.033854
0 0.361328 0.931641 0.171875 0.071615
0 0.044922 0.929036 0.082031 0.066406
0 0.121094 0.923828 0.058594 0.066406
0 0.768555 0.865885 0.031250 0.031250
0 0.651367 0.924479 0.140625 0.148438
0 0.713379 0.843099 0.030273 0.045573
0 0.630859 0.772135 0.039062 0.033854
0 0.879395 0.873698 0.241211 0.250000
0 0.127930 0.756510 0.027344 0.026042
0 0.848145 0.757812 0.028320 0.057292
0 0.783203 0.750000 0.041016 0.046875
0 0.533203 0.783854 0.130859 0.122396
0 0.718262 0.738932 0.032227 0.035156
0 0.818359 0.733073 0.042969 0.054688
0 0.702148 0.707031 0.033203 0.031250
0 0.953613 0.702474 0.030273 0.045573
0 0.020996 0.701823 0.034180 0.057292
0 0.835938 0.680339 0.031250 0.048177
0 0.554688 0.673828 0.041016 0.037760
0 0.742188 0.699870 0.068359 0.108073
0 0.845703 0.641927 0.048828 0.031250
0 0.934082 0.635417 0.040039 0.039062
0 0.723633 0.616536 0.035156 0.027344
0 0.334473 0.613281 0.024414 0.044271
0 0.505371 0.602865 0.018555 0.026042
0 0.793945 0.649740 0.076172 0.153646
0 0.877441 0.600260 0.034180 0.065104
0 0.252441 0.582682 0.038086 0.037760
0 0.514648 0.569010 0.068359 0.028646
0 0.862793 0.564453 0.047852 0.035156
0 0.398926 0.558594 0.022461 0.026042
0 0.765137 0.559245 0.038086 0.032552
0 0.828613 0.550130 0.018555 0.040365
0 0.058594 0.602865 0.117188 0.164062
0 0.793945 0.535156 0.044922 0.033854
0 0.699707 0.520833 0.028320 0.036458
0 0.771484 0.520182 0.021484 0.037760
0 0.847656 0.514974 0.033203 0.029948
0 0.245605 0.731771 0.491211 0.471354
0 0.590332 0.537760 0.098633 0.182292
0 0.044434 0.466146 0.036133 0.039062
0 0.573242 0.436198 0.037109 0.026042
0 0.455566 0.441406 0.032227 0.041667
0 0.352539 0.425781 0.039062 0.052083
0 0.833984 0.419922 0.031250 0.045573
0 0.795410 0.410156 0.040039 0.026042
0 0.087891 0.427734 0.087891 0.084635
0 0.750000 0.443359 0.171875 0.180990
0 0.394043 0.420573 0.067383 0.143229
0 0.589844 0.378255 0.058594 0.082031
0 0.525391 0.442057 0.126953 0.227865
0 0.027344 0.360677 0.054688 0.109375
0 0.771973 0.334635 0.028320 0.062500
0 0.711914 0.305990 0.039062 0.046875
0 0.687988 0.270182 0.041992 0.029948
0 0.697266 0.242839 0.039062 0.037760
0 0.559570 0.289062 0.126953 0.166667
0 0.249023 0.214844 0.042969 0.033854
0 0.102051 0.262370 0.204102 0.238281
0 0.179688 0.158854 0.044922 0.049479
0 0.023926 0.155599 0.030273 0.058594
0 0.894043 0.352214 0.211914 0.459635
0 0.235352 0.167969 0.072266 0.106771
0 0.926270 0.122396 0.040039 0.028646
0 0.213867 0.115885 0.031250 0.039062
0 0.127930 0.110026 0.097656 0.055990
0 0.048828 0.098307 0.025391 0.032552
0 0.992188 0.105469 0.015625 0.062500
0 0.267090 0.082031 0.067383 0.033854
0 0.441406 0.050781 0.054688 0.018229
0 0.378906 0.054036 0.085938 0.024740
0 0.312012 0.057292 0.043945 0.031250
0 0.283203 0.049479 0.046875 0.015625
0 0.633789 0.032552 0.035156 0.044271
0 0.631836 0.095052 0.462891 0.190104