0 0.979004 0.973307 0.038086 0.050781
0 0.898438 0.965495 0.087891 0.066406
0 0.749023 0.955729 0.093750 0.085938
0 0.700195 0.897135 0.033203 0.031250
0 0.040039 0.885417 0.058594 0.018229
0 0.984863 0.866536 0.030273 0.024740
0 0.654785 0.849609 0.040039 0.024740
0 0.252441 0.852865 0.030273 0.049479
0 0.716797 0.853516 0.031250 0.055990
0 0.298828 0.774740 0.035156 0.036458
0 0.862305 0.776042 0.050781 0.044271
0 0.118652 0.854818 0.237305 0.225260
0 0.237793 0.750000 0.047852 0.028646
0 0.500000 0.752604 0.027344 0.041667
0 0.247070 0.722005 0.037109 0.027344
0 0.380371 0.727214 0.041992 0.050781
0 0.795898 0.698568 0.046875 0.024740
0 0.886719 0.699219 0.044922 0.041667
0 0.759766 0.802083 0.191406 0.278646
0 0.649902 0.686198 0.057617 0.059896
0 0.187988 0.684245 0.168945 0.121094
0 0.051270 0.686198 0.102539 0.125000
0 0.594727 0.636719 0.066406 0.044271
0 0.665039 0.613281 0.037109 0.036458
0 0.578125 0.597656 0.029297 0.033854
0 0.525879 0.538411 0.057617 0.022135
0 0.076172 0.488281 0.048828 0.026042
0 0.908691 0.472005 0.024414 0.032552
0 0.608887 0.473958 0.055664 0.075521
0 0.282715 0.434896 0.057617 0.054688
0 0.379395 0.425781 0.063477 0.114583
0 0.216797 0.344401 0.064453 0.100260
0 0.317383 0.294271 0.033203 0.028646
0 0.208984 0.283854 0.037109 0.039062
0 0.229980 0.434896 0.459961 0.390625
0 0.012207 0.252604 0.024414 0.028646
0 0.203125 0.242188 0.031250 0.036458
0 0.431641 0.223307 0.062500 0.053385
0 0.736328 0.181641 0.062500 0.027344
0 0.991699 0.144531 0.016602 0.046875
0 0.042969 0.132812 0.037109 0.036458
0 0.061035 0.205729 0.122070 0.190104
0 0.025391 0.106771 0.050781 0.049479
0 0.604492 0.389974 0.791016 0.696615
0 0.914062 0.057292 0.171875 0.114583
0 0.685059 0.097656 0.352539 0.195312
0 0.220703 0.020182 0.013672 0.040365