0 0.933594 0.984375 0.027344 0.028646
0 0.886230 0.983724 0.053711 0.029948
0 0.643066 0.977214 0.022461 0.042969
0 0.706543 0.974609 0.073242 0.048177
0 0.061035 0.951172 0.030273 0.032552
0 0.149414 0.942057 0.037109 0.050781
0 0.368652 0.932292 0.024414 0.036458
0 0.346680 0.940104 0.042969 0.054688
0 0.760742 0.920573 0.039062 0.026042
0 0.308105 0.918620 0.030273 0.045573
0 0.217285 0.931641 0.129883 0.071615
0 0.096191 0.889323 0.047852 0.028646
0 0.671875 0.865234 0.054688 0.042969
0 0.992188 0.819661 0.015625 0.037760
0 0.806641 0.822917 0.025391 0.057292
0 0.019043 0.796875 0.038086 0.054688
0 0.403320 0.792969 0.039062 0.062500
0 0.511230 0.592448 0.036133 0.033854
0 0.322754 0.579427 0.026367 0.033854
0 0.399902 0.542969 0.040039 0.039062
0 0.500000 0.734375 1.000000 0.528646
0 0.556152 0.423828 0.024414 0.040365
0 0.823730 0.406250 0.034180 0.026042
0 0.550293 0.384766 0.047852 0.035156
0 0.879395 0.305339 0.047852 0.076823
0 0.763184 0.296875 0.081055 0.117188
0 0.866211 0.247396 0.021484 0.033854
0 0.645996 0.260417 0.018555 0.062500
0 0.930176 0.242839 0.022461 0.029948
0 0.934570 0.288411 0.130859 0.170573
0 0.972656 0.232422 0.054688 0.102865
0 0.992188 0.139974 0.015625 0.053385
0 0.379883 0.115885 0.023438 0.046875
0 0.629395 0.078776 0.036133 0.024740
0 0.583008 0.078776 0.031250 0.024740
0 0.496582 0.078776 0.036133 0.024740
0 0.453125 0.078776 0.042969 0.024740
0 0.376465 0.078776 0.020508 0.024740
0 0.985840 0.091146 0.028320 0.078125
0 0.493652 0.053385 0.041992 0.023438
0 0.450195 0.053385 0.019531 0.023438
0 0.374512 0.053385 0.045898 0.023438
0 0.336426 0.053385 0.034180 0.023438
0 0.291016 0.066406 0.054688 0.049479
0 0.889160 0.061198 0.026367 0.062500
0 0.992188 0.032552 0.015625 0.046875
0 0.918945 0.011068 0.039062 0.022135
0 0.868652 0.024089 0.061523 0.048177
0 0.664062 0.032552 0.091797 0.065104
0 0.565430 0.032552 0.082031 0.065104
0 0.500000 0.325521 1.000000 0.651042