0 0.943848 0.975911 0.055664 0.045573
0 0.855957 0.971354 0.040039 0.054688
0 0.893555 0.969401 0.035156 0.058594
0 0.291016 0.936849 0.035156 0.032552
0 0.528809 0.914062 0.028320 0.031250
0 0.451172 0.932292 0.154297 0.070312
0 0.404297 0.906250 0.033203 0.020833
0 0.933105 0.907552 0.049805 0.028646
0 0.136719 0.919922 0.257812 0.095052
0 0.305176 0.880208 0.038086 0.023438
0 0.329102 0.852865 0.039062 0.039062
0 0.293457 0.845052 0.030273 0.052083
0 0.981934 0.820312 0.036133 0.062500
0 0.947266 0.796875 0.031250 0.033854
0 0.910156 0.811849 0.041016 0.076823
0 0.908691 0.725260 0.055664 0.078125
0 0.864746 0.667969 0.034180 0.031250
0 0.933105 0.656250 0.071289 0.072917
0 0.790039 0.641927 0.035156 0.044271
0 0.871094 0.632161 0.035156 0.040365
0 0.955078 0.606771 0.060547 0.039062
0 0.756348 0.554036 0.065430 0.058594
0 0.931152 0.537760 0.024414 0.028646
0 0.840820 0.590495 0.091797 0.165365
0 0.870605 0.537109 0.069336 0.066406
0 0.962891 0.526042 0.041016 0.054688
0 0.741211 0.509115 0.041016 0.026042
0 0.798340 0.466797 0.045898 0.042969
0 0.754883 0.454427 0.031250 0.031250
0 0.052246 0.458333 0.049805 0.039062
0 0.946777 0.460938 0.096680 0.111979
0 0.781250 0.421875 0.027344 0.041667
0 0.936035 0.427734 0.043945 0.058594
0 0.869629 0.405599 0.051758 0.045573
0 0.804199 0.392578 0.036133 0.029948
0 0.898926 0.397135 0.030273 0.059896
0 0.705566 0.389974 0.043945 0.074219
0 0.813477 0.356771 0.052734 0.044271
0 0.950195 0.365885 0.076172 0.080729
0 0.986816 0.337240 0.026367 0.044271
0 0.790527 0.306641 0.045898 0.027344
0 0.850098 0.264323 0.032227 0.036458
0 0.941406 0.270182 0.117188 0.097656
0 0.904785 0.211589 0.086914 0.050781
0 0.989258 0.175781 0.021484 0.039062
0 0.037598 0.158203 0.032227 0.058594
0 0.141602 0.104818 0.023438 0.045573
0 0.065918 0.121745 0.088867 0.079427
0 0.703613 0.024089 0.020508 0.037760
0 0.894531 0.011068 0.033203 0.022135
0 0.787109 0.023438 0.039062 0.046875
0 0.654297 0.045573 0.093750 0.091146
0 0.500000 0.499349 1.000000 0.998698