0 0.643555 0.984375 0.052734 0.028646
0 0.909180 0.981771 0.033203 0.033854
0 0.774902 0.978516 0.040039 0.040365
0 0.719238 0.942708 0.018555 0.031250
0 0.488770 0.944661 0.047852 0.045573
0 0.609863 0.959635 0.053711 0.078125
0 0.979980 0.928385 0.040039 0.028646
0 0.650879 0.918620 0.040039 0.027344
0 0.625977 0.918620 0.037109 0.029948
0 0.375488 0.931641 0.151367 0.071615
0 0.709473 0.900391 0.016602 0.035156
0 0.684082 0.902344 0.028320 0.049479
0 0.646973 0.886719 0.043945 0.028646
0 0.786621 0.897135 0.030273 0.052083
0 0.980469 0.884115 0.039062 0.046875
0 0.940918 0.897135 0.036133 0.072917
0 0.749023 0.863932 0.041016 0.027344
0 0.877930 0.910156 0.160156 0.161458
0 0.850098 0.865885 0.045898 0.083333
0 0.987793 0.845703 0.024414 0.053385
0 0.206543 0.837891 0.045898 0.040365
0 0.051758 0.832682 0.042969 0.029948
0 0.663574 0.839844 0.067383 0.059896
0 0.614258 0.830729 0.042969 0.054688
0 0.736816 0.817708 0.045898 0.044271
0 0.159668 0.816406 0.071289 0.041667
0 0.799316 0.812500 0.028320 0.036458
0 0.769531 0.811198 0.050781 0.062500
0 0.833984 0.790365 0.039062 0.049479
0 0.913086 0.786458 0.068359 0.046875
0 0.667480 0.774740 0.038086 0.028646
0 0.989258 0.737630 0.021484 0.040365
0 0.155273 0.723307 0.025391 0.040365
0 0.010742 0.722005 0.021484 0.040365
0 0.805176 0.715495 0.059570 0.040365
0 0.905762 0.710286 0.014648 0.045573
0 0.752930 0.685547 0.041016 0.027344
0 0.877930 0.682943 0.025391 0.055990
0 0.795410 0.657552 0.028320 0.036458
0 0.193359 0.651042 0.033203 0.039062
0 0.971680 0.638021 0.056641 0.067708
0 0.829590 0.602214 0.063477 0.058594
0 0.895996 0.577474 0.041992 0.027344
0 0.756348 0.618490 0.079102 0.111979
0 0.702637 0.559896 0.038086 0.026042
0 0.429199 0.542969 0.022461 0.049479
0 0.689453 0.533854 0.027344 0.033854
0 0.155273 0.533854 0.042969 0.033854
0 0.038574 0.531901 0.024414 0.037760
0 0.291992 0.681641 0.185547 0.342448
0 0.077637 0.514974 0.028320 0.032552
0 0.793457 0.518229 0.069336 0.041667
0 0.281738 0.520182 0.026367 0.048177
0 0.722168 0.511068 0.041992 0.035156
0 0.833984 0.514974 0.039062 0.053385
0 0.115234 0.514974 0.058594 0.069010
0 0.819824 0.462240 0.059570 0.036458
0 0.957520 0.455078 0.032227 0.037760
0 0.081543 0.458984 0.030273 0.045573
0 0.741211 0.456380 0.039062 0.042969
0 0.356445 0.453776 0.033203 0.037760
0 0.077148 0.420573 0.029297 0.023438
0 0.206055 0.500651 0.093750 0.196615
0 0.782715 0.427083 0.073242 0.059896
0 0.129883 0.440755 0.070312 0.100260
0 0.981934 0.411458 0.032227 0.046875
0 0.869141 0.413411 0.054688 0.055990
0 0.014160 0.388021 0.028320 0.044271
0 0.349609 0.360677 0.041016 0.041667
0 0.073242 0.349609 0.025391 0.048177
0 0.132324 0.336589 0.022461 0.032552
0 0.916992 0.335286 0.113281 0.042969
0 0.811035 0.323568 0.043945 0.040365
0 0.180176 0.346354 0.092773 0.106771
0 0.068848 0.315104 0.057617 0.052083
0 0.102051 0.291016 0.055664 0.037760
0 0.966309 0.291016 0.034180 0.042969
0 0.891113 0.281901 0.030273 0.040365
0 0.367676 0.276042 0.041992 0.033854
0 0.034668 0.297526 0.069336 0.076823
0 0.859863 0.281901 0.043945 0.048177
0 0.976074 0.264323 0.047852 0.052083
0 0.175293 0.264323 0.069336 0.070312
0 0.874023 0.244141 0.037109 0.037760
0 0.381348 0.228516 0.038086 0.040365
0 0.928711 0.240234 0.066406 0.082031
0 0.098633 0.217448 0.029297 0.036458
0 0.121582 0.206380 0.026367 0.027344
0 0.054688 0.219401 0.052734 0.071615
0 0.081055 0.158854 0.052734 0.046875
0 0.254883 0.274740 0.167969 0.328125
0 0.058105 0.107422 0.024414 0.042969
0 0.285156 0.108073 0.068359 0.067708
0 0.224121 0.092448 0.055664 0.062500
0 0.376953 0.075521 0.162109 0.067708
0 0.650879 0.023438 0.049805 0.036458
0 0.864746 0.009766 0.063477 0.019531
0 0.624512 0.447266 0.487305 0.894531