0 0.638672 0.961589 0.105469 0.074219
0 0.780273 0.932292 0.021484 0.052083
0 0.498535 0.912760 0.030273 0.020833
0 0.212402 0.931641 0.092773 0.071615
0 0.025391 0.926432 0.033203 0.061198
0 0.637207 0.916016 0.053711 0.042969
0 0.710938 0.911458 0.023438 0.054688
0 0.615723 0.905599 0.047852 0.048177
0 0.760254 0.893880 0.028320 0.032552
0 0.833008 0.888021 0.031250 0.057292
0 0.466309 0.876953 0.036133 0.035156
0 0.041992 0.848958 0.029297 0.028646
0 0.396973 0.828776 0.034180 0.029948
0 0.034668 0.822266 0.053711 0.048177
0 0.435059 0.816406 0.061523 0.057292
0 0.763184 0.796224 0.026367 0.050781
0 0.845703 0.879557 0.308594 0.238281
0 0.149902 0.793620 0.165039 0.201823
0 0.356934 0.708984 0.045898 0.053385
0 0.268555 0.678385 0.039062 0.031250
0 0.225098 0.668620 0.030273 0.040365
0 0.762207 0.656901 0.034180 0.024740
0 0.025879 0.631510 0.051758 0.033854
0 0.350098 0.582682 0.045898 0.037760
0 0.267090 0.580729 0.034180 0.033854
0 0.102051 0.535807 0.043945 0.048177
0 0.249023 0.494792 0.042969 0.023438
0 0.109863 0.496094 0.032227 0.036458
0 0.144043 0.490885 0.028320 0.031250
0 0.374023 0.464844 0.048828 0.031250
0 0.354980 0.444010 0.040039 0.031250
0 0.288086 0.425781 0.091797 0.049479
0 0.142578 0.413411 0.037109 0.050781
0 0.282715 0.389323 0.059570 0.036458
0 0.347656 0.385417 0.048828 0.039062
0 0.179688 0.220703 0.052734 0.024740
0 0.831055 0.217448 0.025391 0.031250
0 0.650391 0.153646 0.031250 0.026042
0 0.929199 0.207031 0.141602 0.177083
0 0.705078 0.155599 0.103516 0.131510
0 0.794434 0.129557 0.133789 0.087240
0 0.841797 0.103516 0.035156 0.055990
0 0.531738 0.078776 0.303711 0.024740
0 0.338867 0.053385 0.046875 0.023438
0 0.480957 0.468750 0.961914 0.929688
0 0.968262 0.044922 0.063477 0.089844
0 0.871582 0.009766 0.045898 0.019531
0 0.524414 0.032552 0.332031 0.065104