0 0.798340 0.980469 0.028320 0.028646
0 0.392090 0.952474 0.047852 0.029948
0 0.876953 0.966146 0.027344 0.065104
0 0.467773 0.950521 0.037109 0.033854
0 0.291504 0.949219 0.038086 0.031250
0 0.418945 0.949870 0.023438 0.035156
0 0.857422 0.925781 0.046875 0.057292
0 0.548340 0.920573 0.053711 0.049479
0 0.512695 0.931641 0.054688 0.071615
0 0.356445 0.914714 0.033203 0.037760
0 0.926270 0.897135 0.043945 0.031250
0 0.064453 0.878255 0.031250 0.029948
0 0.943848 0.875000 0.032227 0.031250
0 0.263672 0.858724 0.031250 0.048177
0 0.619629 0.914714 0.106445 0.167969
0 0.129883 0.850911 0.093750 0.045573
0 0.014160 0.841797 0.028320 0.037760
0 0.946777 0.823568 0.059570 0.063802
0 0.972168 0.807943 0.055664 0.069010
0 0.988281 0.754557 0.023438 0.027344
0 0.609863 0.775391 0.075195 0.084635
0 0.977539 0.736979 0.044922 0.031250
0 0.739258 0.755859 0.181641 0.240885
0 0.711426 0.637370 0.030273 0.055990
0 0.845215 0.629557 0.045898 0.042969
0 0.032715 0.717448 0.065430 0.226562
0 0.150391 0.570964 0.046875 0.069010
0 0.755371 0.544271 0.018555 0.036458
0 0.017578 0.547526 0.021484 0.055990
0 0.065430 0.512370 0.058594 0.058594
0 0.169434 0.518229 0.061523 0.083333
0 0.501465 0.472656 0.024414 0.054688
0 0.930176 0.521484 0.139648 0.173177
0 0.650391 0.503255 0.113281 0.141927
0 0.204102 0.468750 0.119141 0.088542
0 0.115234 0.464193 0.066406 0.089844
0 0.711914 0.453776 0.140625 0.113281
0 0.987305 0.411458 0.025391 0.041667
0 0.058105 0.420573 0.053711 0.062500
0 0.830566 0.401042 0.043945 0.039062
0 0.348145 0.632812 0.639648 0.523438
0 0.113281 0.396484 0.037109 0.053385
0 0.317383 0.388021 0.037109 0.041667
0 0.010254 0.374349 0.020508 0.024740
0 0.388184 0.371094 0.041992 0.028646
0 0.258301 0.375651 0.032227 0.042969
0 0.281250 0.346354 0.035156 0.044271
0 0.231445 0.343750 0.056641 0.044271
0 0.120605 0.338542 0.032227 0.041667
0 0.167480 0.343099 0.045898 0.066406
0 0.910156 0.319661 0.027344 0.024740
0 0.180664 0.309245 0.025391 0.035156
0 0.042480 0.329427 0.084961 0.091146
0 0.232910 0.286458 0.034180 0.033854
0 0.374512 0.311849 0.079102 0.092448
0 0.453613 0.258464 0.030273 0.040365
0 0.146484 0.236328 0.035156 0.040365
0 0.022461 0.227214 0.044922 0.042969
0 0.887695 0.223958 0.068359 0.039062
0 0.061523 0.218099 0.035156 0.037760
0 0.399902 0.207682 0.038086 0.042969
0 0.340820 0.209635 0.027344 0.054688
0 0.233398 0.196615 0.039062 0.039062
0 0.450195 0.190755 0.085938 0.063802
0 0.029297 0.171875 0.041016 0.028646
0 0.170898 0.182943 0.054688 0.058594
0 0.270508 0.183594 0.041016 0.067708
0 0.367188 0.166667 0.035156 0.062500
0 0.660645 0.289062 0.411133 0.312500
0 0.595703 0.154297 0.044922 0.042969
0 0.551758 0.171224 0.076172 0.076823
0 0.423828 0.147135 0.023438 0.028646
0 0.322754 0.149740 0.026367 0.033854
0 0.080566 0.148438 0.045898 0.033854
0 0.170410 0.138021 0.051758 0.031250
0 0.270508 0.130859 0.042969 0.024740
0 0.198242 0.105469 0.027344 0.033854
0 0.029785 0.104167 0.038086 0.044271
0 0.228027 0.087891 0.065430 0.035156
0 0.400391 0.050130 0.042969 0.016927
0 0.333496 0.053385 0.049805 0.023438
0 0.791992 0.102865 0.136719 0.145833
0 0.649414 0.042969 0.046875 0.041667
0 0.809082 0.033854 0.018555 0.031250
0 0.593750 0.038411 0.029297 0.042969
0 0.534668 0.027344 0.034180 0.046875
0 0.974121 0.018229 0.051758 0.036458
0 0.923828 0.009766 0.046875 0.019531
0 0.861328 0.014974 0.048828 0.029948
0 0.792480 0.018229 0.026367 0.036458