0 0.680664 0.978516 0.027344 0.029948
0 0.935059 0.960286 0.129883 0.076823
0 0.234375 0.875000 0.025391 0.023438
0 0.319336 0.867839 0.048828 0.050781
0 0.044434 0.852865 0.024414 0.039062
0 0.113770 0.829427 0.038086 0.033854
0 0.717285 0.791667 0.038086 0.023438
0 0.703125 0.746094 0.023438 0.044271
0 0.218750 0.710286 0.064453 0.050781
0 0.357910 0.643880 0.028320 0.040365
0 0.084961 0.692708 0.169922 0.140625
0 0.878418 0.632812 0.024414 0.039062
0 0.684082 0.623698 0.032227 0.023438
0 0.264160 0.547526 0.057617 0.037760
0 0.772949 0.547526 0.043945 0.042969
0 0.014160 0.488932 0.028320 0.035156
0 0.127441 0.503255 0.192383 0.095052
0 0.743164 0.454427 0.029297 0.039062
0 0.319336 0.442708 0.035156 0.020833
0 0.056641 0.345052 0.113281 0.083333
0 0.651367 0.293620 0.037109 0.037760
0 0.178711 0.284505 0.048828 0.032552
0 0.033691 0.270182 0.051758 0.048177
0 0.081543 0.268880 0.049805 0.063802
0 0.932129 0.312500 0.135742 0.156250
0 0.697266 0.275391 0.056641 0.097656
0 0.218262 0.231771 0.045898 0.046875
0 0.102539 0.211589 0.037109 0.037760
0 0.254395 0.222005 0.069336 0.061198
0 0.767578 0.224609 0.142578 0.076823
0 0.131836 0.171224 0.039062 0.027344
0 0.988770 0.170573 0.022461 0.059896
0 0.176270 0.201172 0.077148 0.121094
0 0.022949 0.162109 0.045898 0.048177
0 0.147949 0.129557 0.040039 0.037760
0 0.057617 0.141276 0.050781 0.076823
0 0.184082 0.121094 0.100586 0.078125
0 0.475586 0.419271 0.431641 0.755208
0 0.791016 0.072917 0.125000 0.070312
0 0.624023 0.043620 0.052734 0.042969
0 0.661133 0.032552 0.076172 0.065104
0 0.573242 0.010417 0.037109 0.020833