0 0.836914 0.975911 0.039062 0.032552
0 0.854980 0.945312 0.032227 0.039062
0 0.959961 0.930990 0.037109 0.031250
0 0.912598 0.942708 0.075195 0.062500
0 0.446289 0.928385 0.111328 0.065104
0 0.942871 0.909505 0.026367 0.032552
0 0.174316 0.847005 0.026367 0.022135
0 0.494141 0.864583 0.064453 0.059896
0 0.434082 0.861328 0.100586 0.055990
0 0.392090 0.859375 0.090820 0.070312
0 0.440430 0.824219 0.037109 0.023438
0 0.154297 0.820964 0.058594 0.032552
0 0.385742 0.820312 0.044922 0.041667
0 0.021973 0.807943 0.043945 0.035156
0 0.478027 0.800781 0.032227 0.049479
0 0.105957 0.781250 0.055664 0.033854
0 0.511719 0.785156 0.033203 0.044271
0 0.046875 0.776693 0.048828 0.027344
0 0.750977 0.780599 0.058594 0.040365
0 0.285645 0.746094 0.041992 0.028646
0 0.784180 0.790365 0.087891 0.122396
0 0.411133 0.771484 0.082031 0.095052
0 0.725098 0.736328 0.047852 0.045573
0 0.583496 0.856120 0.141602 0.285156
0 0.581055 0.737630 0.037109 0.058594
0 0.454102 0.736328 0.042969 0.055990
0 0.774414 0.723307 0.044922 0.055990
0 0.671387 0.703125 0.028320 0.023438
0 0.476074 0.710286 0.036133 0.055990
0 0.710938 0.690104 0.025391 0.036458
0 0.697266 0.666667 0.039062 0.028646
0 0.096191 0.657552 0.045898 0.031250
0 0.317871 0.722005 0.090820 0.170573
0 0.255859 0.645182 0.027344 0.029948
0 0.030273 0.638021 0.060547 0.101562
0 0.439941 0.610026 0.051758 0.055990
0 0.236328 0.595703 0.027344 0.027344
0 0.684570 0.609375 0.101562 0.117188
0 0.075684 0.561198 0.067383 0.057292
0 0.284180 0.530599 0.058594 0.076823
0 0.372070 0.609375 0.185547 0.242188
0 0.042480 0.539062 0.084961 0.114583
0 0.020508 0.464193 0.041016 0.074219
0 0.325684 0.468099 0.071289 0.087240
0 0.924316 0.442708 0.041992 0.044271
0 0.369141 0.445964 0.042969 0.063802
0 0.386230 0.427734 0.043945 0.053385
0 0.034180 0.416667 0.027344 0.044271
0 0.971680 0.450521 0.056641 0.117188
0 0.958008 0.414714 0.025391 0.087240
0 0.500000 0.538411 0.179688 0.371094
0 0.007812 0.378906 0.015625 0.065104
0 0.245117 0.418620 0.083984 0.152344
0 0.028809 0.358724 0.026367 0.045573
0 0.020020 0.324219 0.038086 0.044271
0 0.073242 0.303385 0.023438 0.028646
0 0.815430 0.313802 0.050781 0.067708
0 0.988281 0.306641 0.023438 0.063802
0 0.317383 0.257812 0.027344 0.041667
0 0.959961 0.271484 0.029297 0.074219
0 0.587402 0.257812 0.045898 0.046875
0 0.800293 0.554688 0.399414 0.669271
0 0.285645 0.322917 0.204102 0.210938
0 0.504395 0.243490 0.036133 0.054688
0 0.013184 0.253906 0.026367 0.075521
0 0.880371 0.233073 0.032227 0.044271
0 0.543945 0.212891 0.029297 0.050781
0 0.843750 0.201823 0.041016 0.054688
0 0.785645 0.221354 0.067383 0.096354
0 0.603516 0.203125 0.033203 0.059896
0 0.190918 0.192057 0.043945 0.040365
0 0.511230 0.174479 0.040039 0.052083
0 0.246582 0.197266 0.061523 0.097656
0 0.662598 0.316406 0.165039 0.341146
0 0.616211 0.169922 0.042969 0.069010
0 0.822754 0.154948 0.040039 0.059896
0 0.800781 0.143229 0.042969 0.052083
0 0.381348 0.162760 0.036133 0.106771
0 0.705566 0.157552 0.081055 0.104167
0 0.634766 0.126302 0.039062 0.041667
0 0.295410 0.148438 0.038086 0.088542
0 0.499512 0.117839 0.034180 0.053385
0 0.222656 0.128255 0.068359 0.092448
0 0.163574 0.129557 0.090820 0.095052
0 0.587891 0.082682 0.037109 0.048177
0 0.335449 0.104167 0.041992 0.109375
0 0.395996 0.061198 0.026367 0.039062
0 0.549805 0.059896 0.029297 0.057292
0 0.441895 0.240234 0.157227 0.430990
0 0.950195 0.009766 0.056641 0.019531
0 0.603027 0.054036 0.110352 0.108073
0 0.245117 0.044271 0.062500 0.088542