0 0.848633 0.962891 0.021484 0.027344
0 0.349121 0.949219 0.043945 0.028646
0 0.988281 0.949870 0.023438 0.050781
0 0.712402 0.961589 0.032227 0.074219
0 0.893555 0.930339 0.033203 0.029948
0 0.623047 0.955729 0.080078 0.085938
0 0.382324 0.930990 0.053711 0.054688
0 0.014648 0.935547 0.021484 0.063802
0 0.963867 0.920573 0.023438 0.036458
0 0.511230 0.931641 0.084961 0.071615
0 0.341309 0.910807 0.034180 0.029948
0 0.981934 0.898438 0.036133 0.026042
0 0.078613 0.925781 0.057617 0.083333
0 0.868164 0.916016 0.128906 0.076823
0 0.618164 0.856120 0.029297 0.035156
0 0.897949 0.850911 0.040039 0.029948
0 0.990234 0.858724 0.019531 0.050781
0 0.739746 0.845703 0.038086 0.035156
0 0.654785 0.835938 0.036133 0.028646
0 0.842773 0.863281 0.066406 0.106771
0 0.719238 0.800130 0.034180 0.029948
0 0.641602 0.804036 0.031250 0.037760
0 0.954590 0.794271 0.024414 0.031250
0 0.503906 0.794271 0.048828 0.036458
0 0.523438 0.832682 0.142578 0.123698
0 0.250488 0.753906 0.022461 0.046875
0 0.667480 0.733724 0.049805 0.027344
0 0.947266 0.748698 0.037109 0.059896
0 0.799805 0.746094 0.037109 0.059896
0 0.596191 0.764323 0.061523 0.101562
0 0.305176 0.727865 0.038086 0.031250
0 0.730469 0.727865 0.041016 0.072917
0 0.615723 0.720703 0.049805 0.069010
0 0.876465 0.691406 0.043945 0.039062
0 0.690918 0.675130 0.049805 0.050781
0 0.351074 0.656901 0.034180 0.027344
0 0.666992 0.675130 0.062500 0.066406
0 0.009766 0.658203 0.019531 0.042969
0 0.123535 0.695312 0.081055 0.138021
0 0.955566 0.663411 0.073242 0.076823
0 0.908203 0.631510 0.023438 0.039062
0 0.884277 0.620443 0.030273 0.032552
0 0.394531 0.742839 0.177734 0.303385
0 0.562500 0.639323 0.070312 0.114583
0 0.921875 0.605469 0.041016 0.057292
0 0.962891 0.600911 0.031250 0.055990
0 0.742676 0.595703 0.036133 0.053385
0 0.984375 0.569661 0.031250 0.048177
0 0.456543 0.564453 0.030273 0.045573
0 0.171875 0.572266 0.085938 0.066406
0 0.736328 0.552083 0.027344 0.036458
0 0.841309 0.680990 0.161133 0.307292
0 0.708984 0.554036 0.029297 0.069010
0 0.786621 0.537109 0.032227 0.048177
0 0.663574 0.526693 0.026367 0.035156
0 0.499512 0.518229 0.065430 0.046875
0 0.691895 0.514323 0.034180 0.041667
0 0.878418 0.496745 0.041992 0.084635
0 0.006836 0.477865 0.013672 0.062500
0 0.965332 0.463542 0.043945 0.041667
0 0.870605 0.446615 0.026367 0.046875
0 0.702148 0.449219 0.037109 0.057292
0 0.729980 0.445312 0.036133 0.057292
0 0.761719 0.401042 0.033203 0.054688
0 0.905273 0.396484 0.041016 0.048177
0 0.030762 0.387370 0.061523 0.084635
0 0.692383 0.368490 0.044922 0.054688
0 0.581055 0.496094 0.253906 0.322917
0 0.804688 0.425781 0.083984 0.192708
0 0.748535 0.340495 0.030273 0.045573
0 0.909668 0.341146 0.018555 0.049479
0 0.774414 0.317708 0.035156 0.078125
0 0.405273 0.255208 0.046875 0.023438
0 0.732422 0.173177 0.025391 0.039062
0 0.028809 0.166667 0.041992 0.046875
0 0.724609 0.130208 0.029297 0.041667
0 0.669922 0.204427 0.130859 0.223958
0 0.556152 0.131510 0.149414 0.078125
0 0.486328 0.107422 0.039062 0.029948
0 0.362793 0.115234 0.077148 0.045573
0 0.983398 0.174479 0.033203 0.177083
0 0.121094 0.478516 0.242188 0.795573
0 0.900391 0.093750 0.017578 0.049479
0 0.563477 0.078776 0.134766 0.024740
0 0.478027 0.078776 0.036133 0.024740
0 0.358887 0.078776 0.047852 0.024740
0 0.221191 0.115885 0.129883 0.125000
0 0.871582 0.306641 0.256836 0.519531
0 0.356934 0.053385 0.081055 0.023438
0 0.986816 0.061198 0.026367 0.072917
0 0.750977 0.061198 0.046875 0.093750
0 0.971191 0.009766 0.032227 0.019531
0 0.902832 0.009766 0.065430 0.019531
0 0.784668 0.053385 0.047852 0.106771
0 0.522949 0.032552 0.223633 0.065104