0 0.055664 0.945312 0.054688 0.020833
0 0.125488 0.914062 0.038086 0.020833
0 0.076660 0.910807 0.057617 0.016927
0 0.952148 0.915365 0.066406 0.028646
0 0.461426 0.927083 0.172852 0.057292
0 0.370117 0.931641 0.169922 0.071615
0 0.794922 0.884115 0.031250 0.026042
0 0.011719 0.869141 0.023438 0.040365
0 0.059082 0.860026 0.041992 0.042969
0 0.466309 0.865885 0.065430 0.057292
0 0.414062 0.865234 0.056641 0.058594
0 0.132324 0.860026 0.073242 0.055990
0 0.638184 0.910807 0.245117 0.175781
0 0.030273 0.830078 0.035156 0.040365
0 0.622559 0.801432 0.026367 0.035156
0 0.081543 0.805990 0.051758 0.093750
0 0.048340 0.771484 0.036133 0.024740
0 0.883789 0.793620 0.099609 0.074219
0 0.803223 0.776693 0.043945 0.048177
0 0.506836 0.758464 0.044922 0.029948
0 0.736328 0.745443 0.037109 0.035156
0 0.634766 0.715495 0.023438 0.027344
0 0.116211 0.727214 0.052734 0.050781
0 0.973145 0.700521 0.028320 0.039062
0 0.102539 0.682292 0.046875 0.046875
0 0.885254 0.666667 0.030273 0.044271
0 0.707520 0.652344 0.047852 0.059896
0 0.661133 0.639974 0.078125 0.082031
0 0.614746 0.619792 0.032227 0.062500
0 0.728516 0.619792 0.093750 0.067708
0 0.014160 0.552734 0.028320 0.027344
0 0.205078 0.529948 0.035156 0.036458
0 0.182129 0.528646 0.018555 0.052083
0 0.585938 0.486328 0.031250 0.053385
0 0.223145 0.434896 0.032227 0.028646
0 0.698730 0.429688 0.022461 0.028646
0 0.668945 0.427083 0.033203 0.075521
0 0.237305 0.380859 0.035156 0.055990
0 0.807129 0.333984 0.026367 0.048177
0 0.011230 0.325521 0.022461 0.036458
0 0.739746 0.311849 0.028320 0.053385
0 0.717285 0.277344 0.041992 0.044271
0 0.749512 0.263021 0.024414 0.044271
0 0.647461 0.256510 0.019531 0.044271
0 0.755859 0.243490 0.019531 0.036458
0 0.732422 0.235026 0.025391 0.042969
0 0.476562 0.229818 0.013672 0.040365
0 0.546875 0.229818 0.054688 0.053385
0 0.017578 0.229818 0.035156 0.071615
0 0.350098 0.236328 0.024414 0.097656
0 0.611816 0.194010 0.020508 0.026042
0 0.640625 0.185547 0.037109 0.048177
0 0.855957 0.348958 0.288086 0.401042
0 0.483887 0.171224 0.034180 0.053385
0 0.526855 0.182943 0.055664 0.131510
0 0.702637 0.126953 0.040039 0.040365
0 0.649414 0.113932 0.050781 0.042969
0 0.560059 0.111328 0.036133 0.037760
0 0.737793 0.119792 0.036133 0.080729
0 0.783691 0.127604 0.077148 0.169271
0 0.355469 0.052734 0.029297 0.022135
0 0.346680 0.468099 0.693359 0.852865
0 0.448730 0.117188 0.235352 0.164062
0 0.616211 0.047526 0.029297 0.035156
0 0.663086 0.054688 0.123047 0.078125
0 0.985840 0.049479 0.028320 0.098958
0 0.908203 0.009766 0.027344 0.019531
0 0.814453 0.024089 0.101562 0.048177
0 0.576660 0.012370 0.040039 0.024740
0 0.541504 0.024740 0.034180 0.049479