0 0.786621 0.981120 0.036133 0.035156
0 0.798340 0.949870 0.036133 0.037760
0 0.898438 0.954427 0.027344 0.049479
0 0.871094 0.923828 0.033203 0.050781
0 0.496094 0.930990 0.148438 0.070312
0 0.326172 0.908854 0.056641 0.026042
0 0.654297 0.938151 0.164062 0.121094
0 0.518555 0.886068 0.042969 0.016927
0 0.916016 0.893229 0.041016 0.046875
0 0.791504 0.820964 0.030273 0.040365
0 0.980469 0.803385 0.031250 0.020833
0 0.042480 0.803385 0.032227 0.033854
0 0.678223 0.783203 0.043945 0.019531
0 0.312012 0.781901 0.028320 0.042969
0 0.903809 0.783203 0.069336 0.050781
0 0.859863 0.770833 0.032227 0.049479
0 0.792480 0.768229 0.067383 0.052083
0 0.240723 0.753255 0.026367 0.022135
0 0.037598 0.753255 0.036133 0.024740
0 0.415039 0.752604 0.025391 0.049479
0 0.214355 0.721354 0.067383 0.044271
0 0.365234 0.683594 0.025391 0.049479
0 0.167480 0.675781 0.041992 0.033854
0 0.981934 0.667969 0.036133 0.031250
0 0.321289 0.672526 0.027344 0.040365
0 0.257812 0.765625 0.388672 0.257812
0 0.076660 0.646484 0.036133 0.027344
0 0.157715 0.646484 0.055664 0.029948
0 0.687012 0.645182 0.040039 0.032552
0 0.374023 0.642578 0.033203 0.053385
0 0.119629 0.619141 0.026367 0.024740
0 0.580566 0.617188 0.024414 0.041667
0 0.697754 0.552083 0.028320 0.023438
0 0.291016 0.565104 0.029297 0.049479
0 0.094727 0.538411 0.021484 0.045573
0 0.256348 0.526042 0.030273 0.026042
0 0.932129 0.526693 0.026367 0.037760
0 0.633789 0.515625 0.041016 0.026042
0 0.145020 0.532552 0.016602 0.070312
0 0.171387 0.507812 0.043945 0.026042
0 0.278320 0.514974 0.031250 0.045573
0 0.692383 0.496094 0.033203 0.026042
0 0.296875 0.513672 0.060547 0.084635
0 0.332520 0.499349 0.071289 0.097656
0 0.292480 0.451823 0.036133 0.031250
0 0.098633 0.477214 0.050781 0.092448
0 0.071289 0.444010 0.041016 0.028646
0 0.692383 0.443359 0.031250 0.037760
0 0.760742 0.439453 0.052734 0.048177
0 0.858398 0.440755 0.031250 0.061198
0 0.648926 0.460286 0.041992 0.110677
0 0.944824 0.416667 0.030273 0.031250
0 0.209473 0.423828 0.049805 0.048177
0 0.908691 0.408854 0.041992 0.031250
0 0.870117 0.409505 0.031250 0.035156
0 0.827148 0.417969 0.029297 0.057292
0 0.265137 0.404297 0.040039 0.037760
0 0.979004 0.429036 0.041992 0.097656
0 0.849121 0.386068 0.047852 0.022135
0 0.684082 0.386719 0.018555 0.023438
0 0.217773 0.401693 0.056641 0.058594
0 0.805176 0.383464 0.028320 0.027344
0 0.624023 0.401693 0.015625 0.095052
0 0.154297 0.396484 0.070312 0.092448
0 0.125977 0.365234 0.041016 0.079427
0 0.171875 0.331380 0.027344 0.027344
0 0.634766 0.323568 0.029297 0.053385
0 0.236328 0.316406 0.023438 0.039062
0 0.787109 0.318359 0.031250 0.053385
0 0.202637 0.313802 0.051758 0.044271
0 0.848633 0.310547 0.037109 0.045573
0 0.252930 0.320312 0.039062 0.080729
0 0.812500 0.304688 0.017578 0.054688
0 0.673340 0.263672 0.053711 0.029948
0 0.703125 0.274089 0.074219 0.063802
0 0.473145 0.430990 0.245117 0.380208
0 0.382324 0.276042 0.026367 0.075521
0 0.306641 0.266276 0.023438 0.069010
0 0.463379 0.244141 0.022461 0.037760
0 0.823242 0.247396 0.041016 0.049479
0 0.730469 0.237630 0.019531 0.035156
0 0.767578 0.250651 0.052734 0.071615
0 0.416992 0.227214 0.029297 0.035156
0 0.213379 0.240234 0.088867 0.071615
0 0.708008 0.213542 0.025391 0.041667
0 0.897949 0.279297 0.124023 0.175781
0 0.171875 0.204427 0.035156 0.036458
0 0.756348 0.194661 0.028320 0.040365
0 0.732422 0.194661 0.027344 0.048177
0 0.466797 0.195964 0.037109 0.053385
0 0.516602 0.190755 0.037109 0.050781
0 0.583984 0.324870 0.099609 0.329427
0 0.142090 0.243490 0.073242 0.171875
0 0.280762 0.177734 0.022461 0.063802
0 0.035156 0.160807 0.025391 0.040365
0 0.517090 0.146484 0.036133 0.035156
0 0.018066 0.143880 0.036133 0.040365
0 0.233887 0.179688 0.098633 0.125000
0 0.192383 0.118490 0.033203 0.026042
0 0.824219 0.142578 0.070312 0.087240
0 0.654785 0.113932 0.055664 0.042969
0 0.583984 0.111328 0.058594 0.037760
0 0.482422 0.134766 0.078125 0.084635
0 0.335938 0.111328 0.019531 0.037760
0 0.308105 0.108724 0.020508 0.032552
0 0.721191 0.106771 0.038086 0.033854
0 0.783691 0.106771 0.028320 0.036458
0 0.755371 0.107422 0.030273 0.042969
0 0.041992 0.101562 0.037109 0.039062
0 0.270020 0.109375 0.026367 0.067708
0 0.357422 0.053385 0.029297 0.023438
0 0.312500 0.053385 0.042969 0.023438
0 0.272949 0.059896 0.032227 0.036458
0 0.756836 0.053385 0.037109 0.044271
0 0.540527 0.044922 0.051758 0.040365
0 0.605469 0.043620 0.037109 0.040365
0 0.574707 0.018880 0.034180 0.032552
0 0.869629 0.011068 0.051758 0.022135
0 0.810059 0.013021 0.041992 0.026042
0 0.665527 0.015625 0.043945 0.031250