0 0.679199 0.984375 0.034180 0.028646
0 0.872559 0.970703 0.088867 0.055990
0 0.615723 0.969401 0.057617 0.058594
0 0.717773 0.958333 0.029297 0.041667
0 0.729980 0.947917 0.178711 0.101562
0 0.832031 0.922526 0.072266 0.066406
0 0.925293 0.908854 0.038086 0.091146
0 0.889648 0.867839 0.035156 0.024740
0 0.962402 0.868490 0.073242 0.111979
0 0.855957 0.816406 0.040039 0.028646
0 0.920898 0.791667 0.066406 0.106771
0 0.979004 0.742839 0.041992 0.037760
0 0.165039 0.745443 0.029297 0.042969
0 0.499023 0.708333 0.033203 0.033854
0 0.462402 0.691406 0.032227 0.023438
0 0.962402 0.690755 0.026367 0.037760
0 0.930664 0.686849 0.037109 0.040365
0 0.310059 0.676432 0.057617 0.055990
0 0.445312 0.660807 0.037109 0.027344
0 0.444824 0.777995 0.889648 0.378906
0 0.870605 0.631510 0.051758 0.093750
0 0.768066 0.595052 0.049805 0.054688
0 0.446777 0.554688 0.049805 0.033854
0 0.520020 0.599609 0.120117 0.149740
0 0.961914 0.516927 0.046875 0.054688
0 0.406250 0.462891 0.031250 0.042969
0 0.666016 0.458984 0.027344 0.037760
0 0.232422 0.423177 0.039062 0.057292
0 0.276367 0.404297 0.039062 0.045573
0 0.420410 0.391276 0.040039 0.045573
0 0.258301 0.388021 0.020508 0.039062
0 0.443359 0.361328 0.046875 0.076823
0 0.466797 0.311849 0.023438 0.022135
0 0.360352 0.331380 0.056641 0.076823
0 0.301270 0.314453 0.057617 0.082031
0 0.379395 0.268229 0.030273 0.028646
0 0.320312 0.266276 0.031250 0.035156
0 0.206055 0.252604 0.023438 0.044271
0 0.433105 0.274089 0.102539 0.102865
0 0.309082 0.213542 0.026367 0.041667
0 0.247070 0.222656 0.052734 0.078125
0 0.103027 0.197266 0.040039 0.027344
0 0.170410 0.197266 0.083008 0.048177
0 0.857910 0.193359 0.032227 0.045573
0 0.306152 0.182943 0.034180 0.035156
0 0.341309 0.188802 0.034180 0.054688
0 0.397461 0.175130 0.041016 0.035156
0 0.808105 0.169922 0.028320 0.029948
0 0.182617 0.166667 0.033203 0.046875
0 0.451660 0.155599 0.026367 0.040365
0 0.211426 0.418620 0.422852 0.592448
0 0.476074 0.145182 0.034180 0.055990
0 0.158691 0.147786 0.036133 0.063802
0 0.375977 0.121745 0.031250 0.048177
0 0.450195 0.113281 0.025391 0.041667
0 0.416504 0.108724 0.041992 0.032552
0 0.141602 0.128255 0.082031 0.092448
0 0.083984 0.112630 0.074219 0.061198
0 0.020020 0.096354 0.040039 0.031250
0 0.213867 0.100911 0.056641 0.050781
0 0.553711 0.078776 0.091797 0.024740
0 0.501953 0.078776 0.060547 0.024740
0 0.512207 0.052734 0.038086 0.024740
0 0.854980 0.325521 0.290039 0.606771
0 0.657715 0.253255 0.403320 0.506510