0 0.777344 0.983724 0.031250 0.029948
0 0.912598 0.978516 0.040039 0.022135
0 0.747070 0.977214 0.025391 0.042969
0 0.968750 0.973958 0.048828 0.049479
0 0.907715 0.939453 0.032227 0.027344
0 0.539551 0.930339 0.081055 0.069010
0 0.368652 0.931641 0.231445 0.071615
0 0.698730 0.910807 0.034180 0.042969
0 0.975586 0.906901 0.048828 0.037760
0 0.790527 0.894531 0.026367 0.031250
0 0.818848 0.903646 0.032227 0.052083
0 0.749023 0.895182 0.062500 0.063802
0 0.733398 0.854818 0.023438 0.024740
0 0.801270 0.856771 0.028320 0.036458
0 0.754395 0.839844 0.024414 0.020833
0 0.769531 0.826823 0.029297 0.023438
0 0.830566 0.830729 0.028320 0.033854
0 0.870117 0.818359 0.060547 0.029948
0 0.168457 0.691406 0.045898 0.036458
0 0.257324 0.668620 0.030273 0.035156
0 0.016602 0.546875 0.031250 0.023438
0 0.142578 0.414062 0.037109 0.033854
0 0.091797 0.404948 0.037109 0.028646
0 0.955078 0.402995 0.089844 0.097656
0 0.086426 0.371094 0.041992 0.046875
0 0.049805 0.387370 0.099609 0.131510
0 0.949219 0.327474 0.101562 0.063802
0 0.851074 0.303385 0.041992 0.028646
0 0.026367 0.281901 0.027344 0.024740
0 0.882324 0.277995 0.024414 0.029948
0 0.984863 0.272135 0.030273 0.033854
0 0.935059 0.289714 0.049805 0.071615
0 0.849121 0.263021 0.079102 0.062500
0 0.931152 0.235026 0.026367 0.027344
0 0.814453 0.231771 0.027344 0.026042
0 0.970703 0.218099 0.023438 0.042969
0 0.117188 0.210938 0.050781 0.028646
0 0.835449 0.203776 0.049805 0.029948
0 0.090332 0.130208 0.036133 0.023438
0 0.330566 0.102214 0.045898 0.050781
0 0.888672 0.061198 0.042969 0.031250
0 0.465820 0.048828 0.046875 0.014323
0 0.500000 0.516276 1.000000 0.964844
0 0.743652 0.152344 0.512695 0.304688