0 0.428711 0.955729 0.048828 0.023438
0 0.410156 0.923828 0.111328 0.055990
0 0.403809 0.876953 0.043945 0.035156
0 0.421387 0.858724 0.118164 0.071615
0 0.349121 0.820964 0.030273 0.042969
0 0.572266 0.757161 0.027344 0.040365
0 0.539551 0.716797 0.020508 0.037760
0 0.549316 0.590495 0.020508 0.037760
0 0.501465 0.444661 0.043945 0.061198
0 0.440430 0.449870 0.072266 0.097656
0 0.499512 0.395833 0.030273 0.039062
0 0.442383 0.381510 0.015625 0.026042
0 0.400391 0.304036 0.013672 0.032552
0 0.380859 0.304688 0.019531 0.033854