0 0.531250 0.945312 0.027344 0.044271
0 0.985352 0.881510 0.029297 0.070312
0 0.916016 0.916667 0.167969 0.164062
0 0.555176 0.852214 0.036133 0.048177
0 0.525879 0.856120 0.061523 0.076823
0 0.461914 0.839844 0.027344 0.044271
0 0.342773 0.849609 0.070312 0.089844
0 0.478027 0.798828 0.028320 0.042969
0 0.352539 0.794271 0.039062 0.036458
0 0.401855 0.777995 0.047852 0.048177
0 0.591797 0.631510 0.035156 0.067708
0 0.916504 0.587891 0.055664 0.069010
0 0.025879 0.553385 0.051758 0.114583
0 0.832520 0.656250 0.334961 0.377604
0 0.016113 0.472005 0.032227 0.063802
0 0.056641 0.432292 0.041016 0.046875
0 0.114746 0.380859 0.036133 0.040365
0 0.174316 0.405599 0.090820 0.095052
0 0.054688 0.389323 0.109375 0.096354
0 0.073242 0.325521 0.054688 0.054688
0 0.097656 0.294922 0.037109 0.032552
0 0.026367 0.306641 0.052734 0.063802
0 0.224121 0.283854 0.030273 0.044271
0 0.009277 0.165365 0.018555 0.039062
0 0.892090 0.089844 0.041992 0.039062
0 0.396484 0.520182 0.792969 0.957031
0 0.988281 0.022786 0.023438 0.045573
0 0.718750 0.332031 0.517578 0.664062