0 0.541016 0.923828 0.064453 0.055990
0 0.474609 0.927734 0.041016 0.063802
0 0.412598 0.931641 0.108398 0.071615
0 0.324219 0.843099 0.037109 0.024740
0 0.264160 0.842448 0.067383 0.104167
0 0.046387 0.830729 0.092773 0.091146
0 0.135254 0.836589 0.112305 0.113281
0 0.311523 0.791016 0.021484 0.037760
0 0.167969 0.774089 0.066406 0.053385
0 0.050293 0.750000 0.079102 0.098958
0 0.103516 0.699219 0.039062 0.031250
0 0.259277 0.685547 0.024414 0.040365
0 0.399414 0.638021 0.054688 0.023438
0 0.186523 0.584635 0.039062 0.059896
0 0.603516 0.510417 0.035156 0.031250
0 0.494629 0.450521 0.073242 0.161458
0 0.115723 0.365885 0.030273 0.020833
0 0.991211 0.126953 0.017578 0.048177
0 0.109863 0.263021 0.219727 0.361979
0 0.663574 0.538411 0.672852 0.920573
0 0.423828 0.103516 0.117188 0.123698
0 0.195801 0.321615 0.391602 0.559896
0 0.233887 0.063151 0.040039 0.042969
0 0.809570 0.072266 0.101562 0.063802
0 0.887207 0.011068 0.090820 0.022135
0 0.630371 0.022135 0.114258 0.044271