0 0.929688 0.979167 0.044922 0.026042
0 0.076660 0.953776 0.057617 0.027344
0 0.597656 0.956380 0.029297 0.061198
0 0.169922 0.944661 0.126953 0.045573
0 0.960449 0.938802 0.040039 0.036458
0 0.973633 0.955729 0.052734 0.085938
0 0.460938 0.921224 0.044922 0.035156
0 0.500000 0.926432 0.046875 0.061198
0 0.328125 0.931641 0.220703 0.071615
0 0.044922 0.915365 0.068359 0.046875
0 0.636230 0.889974 0.030273 0.092448
0 0.981934 0.857422 0.036133 0.050781
0 0.687500 0.822917 0.039062 0.059896
0 0.945312 0.805990 0.052734 0.039062
0 0.815430 0.805339 0.058594 0.063802
0 0.837891 0.764323 0.027344 0.026042
0 0.604980 0.768229 0.075195 0.049479
0 0.936035 0.746745 0.043945 0.058594
0 0.116211 0.699870 0.041016 0.027344
0 0.926270 0.751953 0.129883 0.134115
0 0.019043 0.692057 0.026367 0.032552
0 0.063965 0.693359 0.032227 0.040365
0 0.984863 0.673828 0.030273 0.035156
0 0.441895 0.657552 0.026367 0.039062
0 0.359375 0.774089 0.718750 0.285156
0 0.809082 0.812500 0.381836 0.372396
0 0.014648 0.646484 0.029297 0.045573
0 0.924805 0.663411 0.150391 0.126302
0 0.690430 0.621745 0.025391 0.048177
0 0.448242 0.619792 0.035156 0.046875
0 0.538574 0.595703 0.036133 0.024740
0 0.025879 0.600911 0.051758 0.071615
0 0.128418 0.532552 0.063477 0.080729
0 0.916504 0.555339 0.166992 0.220052
0 0.833008 0.492188 0.076172 0.098958
0 0.959473 0.459635 0.034180 0.039062
0 0.925293 0.457682 0.036133 0.037760
0 0.444336 0.513672 0.066406 0.160156
0 0.249023 0.453776 0.037109 0.048177
0 0.854004 0.438151 0.040039 0.027344
0 0.820312 0.438802 0.023438 0.046875
0 0.492676 0.453125 0.069336 0.174479
0 0.966309 0.375651 0.041992 0.050781
0 0.910156 0.376953 0.033203 0.063802
0 0.623047 0.434896 0.164062 0.239583
0 0.123535 0.380208 0.139648 0.221354
0 0.825195 0.384766 0.167969 0.266927
0 0.135254 0.448568 0.270508 0.430990
0 0.537109 0.216797 0.027344 0.027344
0 0.944824 0.268880 0.110352 0.167969
0 0.028320 0.184245 0.054688 0.089844
0 0.988281 0.145182 0.023438 0.069010
0 0.168457 0.105469 0.026367 0.046875
0 0.146484 0.133464 0.068359 0.102865
0 0.126953 0.091146 0.033203 0.018229
0 0.041992 0.129557 0.083984 0.095052
0 0.777344 0.223958 0.169922 0.299479
0 0.893555 0.013672 0.076172 0.027344
0 0.392578 0.224609 0.740234 0.449219