0 0.647949 0.986979 0.034180 0.023438
0 0.981934 0.968099 0.036133 0.061198
0 0.939453 0.954427 0.031250 0.036458
0 0.252441 0.951172 0.024414 0.032552
0 0.614746 0.966146 0.040039 0.065104
0 0.104004 0.947266 0.045898 0.040365
0 0.594727 0.945964 0.023438 0.048177
0 0.073242 0.940755 0.037109 0.053385
0 0.438965 0.910807 0.026367 0.029948
0 0.169434 0.931641 0.036133 0.071615
0 0.267090 0.851562 0.030273 0.031250
0 0.680664 0.836589 0.042969 0.024740
0 0.211914 0.848958 0.041016 0.054688
0 0.911133 0.827474 0.027344 0.032552
0 0.416016 0.849609 0.142578 0.089844
0 0.133301 0.839193 0.110352 0.110677
0 0.710449 0.800130 0.018555 0.040365
0 0.629395 0.773438 0.030273 0.028646
0 0.918457 0.746745 0.028320 0.032552
0 0.525879 0.742188 0.034180 0.054688
0 0.491211 0.712240 0.050781 0.031250
0 0.161133 0.677083 0.021484 0.036458
0 0.140137 0.763021 0.225586 0.210938
0 0.459961 0.669271 0.025391 0.036458
0 0.288574 0.708333 0.059570 0.114583
0 0.952148 0.772135 0.095703 0.270833
0 0.386719 0.623047 0.046875 0.048177
0 0.208008 0.616536 0.044922 0.063802
0 0.374512 0.558594 0.028320 0.041667
0 0.034180 0.547526 0.068359 0.032552
0 0.546875 0.541016 0.033203 0.024740
0 0.048340 0.509766 0.083008 0.045573
0 0.051758 0.473958 0.042969 0.023438
0 0.629883 0.429036 0.039062 0.029948
0 0.352051 0.412760 0.038086 0.028646
0 0.961914 0.396484 0.039062 0.053385
0 0.481445 0.453125 0.113281 0.203125
0 0.533203 0.332682 0.031250 0.029948
0 0.159668 0.345052 0.071289 0.065104
0 0.223633 0.305990 0.035156 0.028646
0 0.464844 0.315104 0.083984 0.111979
0 0.104980 0.248047 0.032227 0.027344
0 0.532227 0.246745 0.027344 0.032552
0 0.458984 0.246745 0.052734 0.048177
0 0.898438 0.268880 0.093750 0.165365
0 0.497070 0.195964 0.035156 0.029948
0 0.219727 0.224609 0.097656 0.108073
0 0.540527 0.182943 0.069336 0.061198
0 0.210449 0.161458 0.057617 0.041667
0 0.706055 0.120443 0.066406 0.048177
0 0.621094 0.163411 0.152344 0.214844
0 0.737793 0.059245 0.036133 0.032552
0 0.450195 0.071615 0.044922 0.059896
0 0.791504 0.514974 0.225586 0.967448
0 0.270996 0.361328 0.541992 0.717448
0 0.964844 0.022135 0.056641 0.044271
0 0.919922 0.009766 0.035156 0.019531
0 0.809082 0.009115 0.045898 0.018229
0 0.781738 0.024089 0.051758 0.048177
0 0.663086 0.033203 0.050781 0.066406
0 0.574707 0.030599 0.020508 0.061198