0 0.176270 0.949870 0.020508 0.035156
0 0.027344 0.923177 0.046875 0.026042
0 0.084961 0.899089 0.062500 0.029948
0 0.384766 0.879557 0.029297 0.029948
0 0.263184 0.871094 0.034180 0.039062
0 0.176270 0.862630 0.018555 0.050781
0 0.350586 0.854818 0.025391 0.048177
0 0.081055 0.847656 0.042969 0.052083
0 0.026855 0.832031 0.026367 0.028646
0 0.337402 0.833333 0.026367 0.057292
0 0.397461 0.818359 0.041016 0.035156
0 0.156250 0.846354 0.113281 0.098958
0 0.304688 0.826172 0.054688 0.074219
0 0.016113 0.807292 0.032227 0.036458
0 0.279297 0.791667 0.027344 0.039062
0 0.219727 0.801432 0.052734 0.071615
0 0.082031 0.792318 0.042969 0.053385
0 0.301758 0.777344 0.017578 0.028646
0 0.414551 0.769531 0.026367 0.023438
0 0.043457 0.795573 0.038086 0.080729
0 0.115234 0.747396 0.074219 0.054688
0 0.076660 0.731771 0.030273 0.026042
0 0.312012 0.716146 0.043945 0.041667
0 0.116699 0.705078 0.049805 0.037760
0 0.199707 0.684245 0.049805 0.050781
0 0.284668 0.667318 0.018555 0.035156
0 0.252441 0.706380 0.096680 0.128906
0 0.347168 0.666016 0.047852 0.063802
0 0.233398 0.623047 0.031250 0.035156
0 0.018066 0.621094 0.032227 0.046875
0 0.263184 0.602865 0.040039 0.036458
0 0.132812 0.585938 0.037109 0.046875
0 0.079102 0.634766 0.085938 0.147135
0 0.322266 0.583984 0.080078 0.092448
0 0.201172 0.577474 0.044922 0.092448
0 0.166016 0.545573 0.021484 0.033854
0 0.982910 0.546224 0.034180 0.061198
0 0.246094 0.535807 0.080078 0.055990
0 0.204102 0.514974 0.048828 0.027344
0 0.072754 0.494792 0.036133 0.052083
0 0.012207 0.470052 0.024414 0.033854
0 0.214355 0.457682 0.047852 0.042969
0 0.677246 0.441406 0.041992 0.026042
0 0.129395 0.486328 0.057617 0.152344
0 0.937500 0.441406 0.072266 0.117188
0 0.121094 0.399089 0.042969 0.035156
0 0.272949 0.377604 0.034180 0.039062
0 0.103027 0.365885 0.047852 0.028646
0 0.184082 0.363281 0.059570 0.052083
0 0.029785 0.384766 0.059570 0.121094
0 0.010254 0.343750 0.020508 0.046875
0 0.312500 0.335286 0.035156 0.035156
0 0.213379 0.335938 0.030273 0.052083
0 0.045410 0.292969 0.071289 0.054688
0 0.873047 0.285156 0.078125 0.041667
0 0.984375 0.268880 0.031250 0.027344
0 0.151367 0.270833 0.031250 0.033854
0 0.113281 0.276042 0.035156 0.057292
0 0.942871 0.261719 0.038086 0.041667
0 0.845215 0.251953 0.040039 0.029948
0 0.188965 0.240885 0.036133 0.046875
0 0.055664 0.243490 0.035156 0.054688
0 0.100098 0.227214 0.045898 0.040365
0 0.907227 0.208333 0.042969 0.044271
0 0.812500 0.182292 0.041016 0.033854
0 0.183594 0.175130 0.039062 0.027344
0 0.128906 0.206380 0.050781 0.095052
0 0.747559 0.161458 0.028320 0.044271
0 0.254395 0.146484 0.036133 0.050781
0 0.271973 0.131510 0.034180 0.031250
0 0.633789 0.555990 0.732422 0.885417
0 0.121094 0.136068 0.064453 0.053385
0 0.009277 0.131510 0.018555 0.044271
0 0.992188 0.133464 0.015625 0.053385
0 0.829590 0.136719 0.059570 0.067708
0 0.731445 0.102865 0.029297 0.028646
0 0.062012 0.125000 0.051758 0.085938
0 0.043457 0.092448 0.030273 0.020833
0 0.806641 0.103516 0.037109 0.045573
0 0.014160 0.093099 0.028320 0.024740
0 0.766113 0.107422 0.053711 0.058594
0 0.705566 0.080078 0.049805 0.042969
0 0.484375 0.143229 0.404297 0.169271
0 0.240234 0.061849 0.039062 0.029948
0 0.791016 0.058594 0.037109 0.046875
0 0.880371 0.010417 0.061523 0.020833
0 0.808594 0.015625 0.048828 0.031250
0 0.599121 0.033203 0.262695 0.066406