0 0.301270 0.725911 0.041992 0.027344
0 0.301270 0.647135 0.059570 0.093750
0 0.288086 0.572917 0.041016 0.028646
0 0.321289 0.584635 0.039062 0.057292
0 0.184082 0.545573 0.069336 0.153646
0 0.650879 0.485026 0.020508 0.037760
0 0.348145 0.349609 0.020508 0.037760
0 0.512207 0.412760 0.137695 0.187500
0 0.958008 0.365234 0.056641 0.128906
0 0.856445 0.348958 0.062500 0.127604
0 0.261230 0.205729 0.032227 0.020833
0 0.353516 0.210938 0.039062 0.091146
0 0.355957 0.148438 0.049805 0.039062
0 0.258301 0.127604 0.047852 0.098958
0 0.280762 0.067057 0.041992 0.050781