0 0.020508 0.940104 0.033203 0.054688
0 0.959473 0.908854 0.030273 0.026042
0 0.434082 0.931641 0.239258 0.071615
0 0.836914 0.896484 0.033203 0.037760
0 0.008301 0.880208 0.016602 0.057292
0 0.935547 0.854818 0.029297 0.035156
0 0.574707 0.834635 0.020508 0.041667
0 0.846191 0.808594 0.034180 0.036458
0 0.981934 0.796224 0.030273 0.027344
0 0.032715 0.811849 0.020508 0.058594
0 0.018555 0.771484 0.035156 0.029948
0 0.106445 0.745443 0.027344 0.029948
0 0.099121 0.710938 0.043945 0.028646
0 0.984375 0.712240 0.031250 0.033854
0 0.220215 0.708984 0.034180 0.048177
0 0.027832 0.718099 0.055664 0.108073
0 0.023926 0.671875 0.034180 0.033854
0 0.821289 0.663411 0.037109 0.027344
0 0.936523 0.649089 0.126953 0.108073
0 0.706543 0.619141 0.045898 0.050781
0 0.669922 0.585286 0.035156 0.029948
0 0.363281 0.576823 0.029297 0.031250
0 0.556641 0.530599 0.027344 0.022135
0 0.507812 0.514323 0.060547 0.026042
0 0.263672 0.697266 0.527344 0.394531
0 0.091797 0.492839 0.058594 0.027344
0 0.620117 0.498047 0.029297 0.045573
0 0.948730 0.477865 0.043945 0.033854
0 0.747559 0.444010 0.034180 0.039062
0 0.833496 0.422526 0.049805 0.019531
0 0.552246 0.421224 0.047852 0.058594
0 0.791504 0.399740 0.030273 0.044271
0 0.875977 0.404297 0.085938 0.066406
0 0.085938 0.375000 0.146484 0.096354
0 0.201660 0.343099 0.045898 0.042969
0 0.509277 0.626302 0.766602 0.744792
0 0.082031 0.283203 0.044922 0.076823
0 0.684570 0.230469 0.064453 0.041667
0 0.112793 0.227865 0.049805 0.049479
0 0.783203 0.341797 0.433594 0.292969
0 0.321289 0.200521 0.033203 0.036458
0 0.846680 0.189453 0.078125 0.022135
0 0.128418 0.187500 0.049805 0.046875
0 0.266602 0.184896 0.058594 0.046875
0 0.028809 0.218750 0.057617 0.231771
0 0.040527 0.113281 0.036133 0.033854
0 0.380371 0.137370 0.053711 0.105469
0 0.841797 0.097005 0.035156 0.042969
0 0.421875 0.074870 0.050781 0.037760
0 0.233887 0.171224 0.286133 0.259115
0 0.988770 0.110677 0.022461 0.179688
0 0.967773 0.008464 0.044922 0.016927
0 0.843750 0.034505 0.181641 0.069010