0 0.040527 0.938802 0.063477 0.046875
0 0.055176 0.913411 0.038086 0.035156
0 0.425293 0.879557 0.030273 0.029948
0 0.776855 0.901042 0.325195 0.127604
0 0.209961 0.860677 0.080078 0.067708
0 0.717773 0.836589 0.031250 0.029948
0 0.592285 0.833333 0.049805 0.046875
0 0.407227 0.839844 0.041016 0.059896
0 0.061523 0.835286 0.123047 0.076823
0 0.531250 0.823568 0.082031 0.066406
0 0.268066 0.811198 0.034180 0.046875
0 0.965820 0.832031 0.068359 0.104167
0 0.722168 0.788411 0.061523 0.050781
0 0.101074 0.770182 0.045898 0.037760
0 0.246582 0.788411 0.108398 0.079427
0 0.328125 0.750000 0.037109 0.028646
0 0.020508 0.751953 0.041016 0.032552
0 0.678223 0.753906 0.041992 0.070312
0 0.799316 0.759115 0.088867 0.083333
0 0.441895 0.763672 0.122070 0.113281
0 0.245117 0.733724 0.044922 0.058594
0 0.285645 0.731120 0.030273 0.055990
0 0.984863 0.716797 0.030273 0.045573
0 0.176758 0.701823 0.027344 0.033854
0 0.017090 0.701823 0.034180 0.054688
0 0.576172 0.699219 0.154297 0.075521
0 0.328613 0.732422 0.129883 0.149740
0 0.819336 0.676432 0.033203 0.042969
0 0.102539 0.683594 0.056641 0.101562
0 0.835449 0.650391 0.030273 0.042969
0 0.112793 0.629557 0.057617 0.024740
0 0.265625 0.628255 0.033203 0.029948
0 0.848633 0.613932 0.027344 0.032552
0 0.339355 0.610677 0.065430 0.039062
0 0.011230 0.603516 0.020508 0.037760
0 0.864746 0.588542 0.030273 0.023438
0 0.120117 0.582031 0.048828 0.041667
0 0.340332 0.576823 0.026367 0.041667
0 0.372559 0.588542 0.036133 0.067708
0 0.733887 0.533854 0.036133 0.026042
0 0.930664 0.553385 0.111328 0.083333
0 0.402832 0.555990 0.040039 0.088542
0 0.985352 0.512370 0.029297 0.035156
0 0.104492 0.509115 0.035156 0.041667
0 0.376465 0.507161 0.036133 0.040365
0 0.123535 0.499349 0.022461 0.032552
0 0.185547 0.499349 0.095703 0.110677
0 0.629883 0.462240 0.031250 0.039062
0 0.705078 0.429036 0.056641 0.045573
0 0.987793 0.418620 0.018555 0.029948
0 0.740723 0.407552 0.030273 0.049479
0 0.343262 0.410807 0.159180 0.066406
0 0.132812 0.393880 0.027344 0.037760
0 0.888672 0.389323 0.035156 0.044271
0 0.034180 0.386719 0.068359 0.085938
0 0.031738 0.348307 0.028320 0.045573
0 0.272949 0.347656 0.045898 0.049479
0 0.509277 0.432943 0.098633 0.235677
0 0.603027 0.361328 0.069336 0.097656
0 0.117676 0.341146 0.047852 0.057292
0 0.695801 0.346354 0.053711 0.078125
0 0.066895 0.318359 0.034180 0.050781
0 0.853516 0.299479 0.042969 0.067708
0 0.320801 0.297526 0.063477 0.087240
0 0.616211 0.278646 0.076172 0.065104
0 0.028320 0.259766 0.056641 0.061198
0 0.061523 0.213542 0.027344 0.033854
0 0.785156 0.283203 0.095703 0.175781
0 0.868164 0.205078 0.113281 0.071615
0 0.596680 0.205078 0.041016 0.079427
0 0.538086 0.178385 0.021484 0.036458
0 0.160645 0.293620 0.231445 0.298177
0 0.650391 0.145833 0.044922 0.039062
0 0.844727 0.139323 0.029297 0.044271
0 0.551758 0.151693 0.093750 0.069010
0 0.756348 0.118490 0.034180 0.052083
0 0.626465 0.108073 0.040039 0.031250
0 0.512207 0.122396 0.067383 0.059896
0 0.442383 0.117188 0.027344 0.049479
0 0.334961 0.102865 0.039062 0.020833
0 0.177246 0.112630 0.041992 0.040365
0 0.791016 0.127604 0.042969 0.091146
0 0.705078 0.054036 0.048828 0.022135
0 0.387207 0.053385 0.024414 0.023438
0 0.745117 0.046875 0.046875 0.036458
0 0.581543 0.033203 0.040039 0.048177
0 0.556641 0.032552 0.046875 0.065104