0 0.979004 0.952474 0.034180 0.037760
0 0.877930 0.942057 0.023438 0.032552
0 0.141113 0.945964 0.198242 0.042969
0 0.920410 0.933594 0.028320 0.036458
0 0.337402 0.938151 0.106445 0.058594
0 0.461426 0.930339 0.079102 0.050781
0 0.832031 0.922526 0.023438 0.037760
0 0.967285 0.919271 0.020508 0.041667
0 0.396484 0.909505 0.048828 0.027344
0 0.319824 0.886068 0.041992 0.016927
0 0.896484 0.876953 0.035156 0.032552
0 0.400879 0.877604 0.041992 0.033854
0 0.850586 0.876953 0.039062 0.042969
0 0.949707 0.818359 0.022461 0.027344
0 0.073730 0.817057 0.040039 0.042969
0 0.545410 0.802734 0.038086 0.029948
0 0.942871 0.779948 0.024414 0.023438
0 0.494629 0.748698 0.057617 0.044271
0 0.042480 0.734375 0.036133 0.026042
0 0.276855 0.731771 0.067383 0.104167
0 0.530762 0.688802 0.024414 0.028646
0 0.367676 0.667969 0.032227 0.044271
0 0.195801 0.732422 0.075195 0.183594
0 0.435059 0.659505 0.040039 0.045573
0 0.271484 0.656250 0.070312 0.049479
0 0.066895 0.640625 0.032227 0.044271
0 0.750000 0.626953 0.033203 0.053385
0 0.782227 0.798828 0.423828 0.399740
0 0.505859 0.619792 0.041016 0.041667
0 0.777344 0.606120 0.039062 0.069010
0 0.894531 0.596354 0.107422 0.065104
0 0.194336 0.566406 0.025391 0.044271
0 0.173340 0.587891 0.038086 0.089844
0 0.902832 0.560547 0.034180 0.040365
0 0.027832 0.601562 0.055664 0.143229
0 0.759277 0.539714 0.024414 0.035156
0 0.986328 0.519531 0.027344 0.062500
0 0.363770 0.501302 0.028320 0.036458
0 0.083984 0.500000 0.027344 0.067708
0 0.859375 0.502604 0.078125 0.093750
0 0.945312 0.476562 0.027344 0.046875
0 0.077637 0.462240 0.016602 0.036458
0 0.219727 0.506510 0.101562 0.166667
0 0.783691 0.442057 0.045898 0.048177
0 0.958008 0.394531 0.037109 0.041667
0 0.943848 0.416016 0.045898 0.084635
0 0.903809 0.404297 0.043945 0.071615
0 0.853516 0.389323 0.027344 0.070312
0 0.067383 0.354818 0.023438 0.061198
0 0.984863 0.333333 0.030273 0.059896
0 0.460449 0.313151 0.022461 0.029948
0 0.091797 0.315104 0.031250 0.052083
0 0.645996 0.425781 0.217773 0.296875
0 0.058105 0.308594 0.030273 0.075521
0 0.076172 0.460938 0.152344 0.395833
0 0.790039 0.322266 0.132812 0.136719
0 0.922852 0.309896 0.154297 0.151042
0 0.021973 0.266276 0.040039 0.087240
0 0.081543 0.230469 0.036133 0.036458
0 0.986328 0.220052 0.027344 0.033854
0 0.156250 0.234375 0.048828 0.070312
0 0.528320 0.104167 0.035156 0.033854
0 0.200684 0.093750 0.040039 0.028646
0 0.752930 0.159505 0.187500 0.251302
0 0.189453 0.302083 0.378906 0.580729
0 0.833984 0.016276 0.076172 0.032552
0 0.585449 0.285156 0.278320 0.570312