0 0.873047 0.982422 0.027344 0.032552
0 0.451172 0.949870 0.037109 0.035156
0 0.960449 0.954427 0.079102 0.088542
0 0.532715 0.932943 0.075195 0.069010
0 0.018066 0.911458 0.028320 0.031250
0 0.985840 0.899740 0.028320 0.026042
0 0.881836 0.904948 0.046875 0.041667
0 0.481445 0.883464 0.039062 0.022135
0 0.985840 0.866536 0.028320 0.032552
0 0.960938 0.832031 0.048828 0.049479
0 0.730469 0.798177 0.033203 0.023438
0 0.665039 0.888021 0.162109 0.221354
0 0.633789 0.781250 0.062500 0.083333
0 0.608887 0.757812 0.026367 0.036458
0 0.229980 0.747396 0.024414 0.028646
0 0.891602 0.751302 0.046875 0.080729
0 0.650879 0.701172 0.034180 0.035156
0 0.132812 0.621745 0.029297 0.024740
0 0.544922 0.591146 0.025391 0.049479
0 0.786133 0.556641 0.058594 0.027344
0 0.890137 0.473958 0.059570 0.062500
0 0.946777 0.623047 0.106445 0.371094
0 0.949219 0.445964 0.037109 0.071615
0 0.819336 0.410156 0.076172 0.041667
0 0.976562 0.407552 0.035156 0.039062
0 0.504883 0.426432 0.068359 0.139323
0 0.705078 0.324870 0.070312 0.058594
0 0.653320 0.296875 0.033203 0.039062
0 0.452148 0.293620 0.042969 0.045573
0 0.149414 0.278646 0.048828 0.033854
0 0.035156 0.275391 0.027344 0.035156
0 0.626465 0.255208 0.038086 0.026042
0 0.293945 0.591146 0.587891 0.716146
0 0.100586 0.270833 0.117188 0.117188
0 0.374023 0.216146 0.039062 0.036458
0 0.746582 0.191406 0.045898 0.036458
0 0.873535 0.305990 0.252930 0.289062
0 0.574707 0.152344 0.049805 0.020833
0 0.540039 0.144531 0.042969 0.031250
0 0.935059 0.139974 0.083008 0.058594
0 0.269043 0.128255 0.370117 0.191406
0 0.989258 0.033203 0.021484 0.042969
0 0.734375 0.090495 0.257812 0.175781
0 0.932129 0.010417 0.092773 0.020833
0 0.859863 0.011068 0.065430 0.022135
0 0.799805 0.008464 0.056641 0.016927
0 0.604980 0.018229 0.051758 0.036458