0 0.655762 0.983073 0.022461 0.031250
0 0.730957 0.978516 0.102539 0.040365
0 0.647461 0.947266 0.029297 0.037760
0 0.327148 0.947266 0.019531 0.040365
0 0.745605 0.943359 0.036133 0.040365
0 0.378418 0.930339 0.059570 0.069010
0 0.235840 0.931641 0.079102 0.071615
0 0.155762 0.917318 0.069336 0.042969
0 0.855957 0.946615 0.153320 0.104167
0 0.703613 0.908854 0.047852 0.039062
0 0.441406 0.878255 0.062500 0.032552
0 0.970703 0.876302 0.021484 0.036458
0 0.381348 0.875651 0.053711 0.037760
0 0.973633 0.899089 0.052734 0.100260
0 0.009766 0.862630 0.019531 0.061198
0 0.459961 0.844401 0.027344 0.029948
0 0.509766 0.837891 0.048828 0.024740
0 0.865234 0.841146 0.037109 0.033854
0 0.828125 0.820964 0.023438 0.024740
0 0.354492 0.850911 0.050781 0.087240
0 0.970703 0.826823 0.029297 0.041667
0 0.419922 0.825521 0.085938 0.070312
0 0.944824 0.791016 0.040039 0.048177
0 0.494141 0.781901 0.041016 0.040365
0 0.385742 0.782552 0.029297 0.044271
0 0.008789 0.798828 0.017578 0.082031
0 0.979980 0.753255 0.040039 0.050781
0 0.345215 0.808594 0.090820 0.171875
0 0.442383 0.706380 0.044922 0.040365
0 0.020508 0.722005 0.041016 0.121094
0 0.484863 0.669271 0.032227 0.026042
0 0.825684 0.712240 0.092773 0.114583
0 0.008789 0.673828 0.017578 0.050781
0 0.278320 0.672526 0.042969 0.074219
0 0.102539 0.658203 0.035156 0.084635
0 0.135742 0.604167 0.029297 0.028646
0 0.256836 0.619792 0.066406 0.067708
0 0.415527 0.586589 0.032227 0.024740
0 0.932617 0.625000 0.134766 0.145833
0 0.175293 0.574219 0.022461 0.046875
0 0.139648 0.570964 0.035156 0.042969
0 0.132812 0.501302 0.031250 0.028646
0 0.166992 0.684896 0.333984 0.565104
0 0.028809 0.264974 0.057617 0.087240
0 0.719238 0.452474 0.561523 0.621094
0 0.315430 0.232422 0.212891 0.279948
0 0.060059 0.134115 0.120117 0.106771
0 0.180176 0.109375 0.131836 0.143229
0 0.666992 0.031250 0.039062 0.023438
0 0.888184 0.014323 0.129883 0.028646
0 0.607910 0.046875 0.131836 0.093750