0 0.611328 0.983073 0.025391 0.031250
0 0.635742 0.981120 0.017578 0.032552
0 0.700195 0.978516 0.029297 0.040365
0 0.598633 0.968750 0.031250 0.031250
0 0.308105 0.951172 0.053711 0.032552
0 0.386230 0.920573 0.053711 0.049479
0 0.777832 0.901693 0.032227 0.045573
0 0.911133 0.892578 0.044922 0.055990
0 0.246094 0.877604 0.062500 0.033854
0 0.785156 0.843750 0.033203 0.036458
0 0.228027 0.847656 0.065430 0.093750
0 0.963379 0.897786 0.073242 0.201823
0 0.188477 0.800781 0.033203 0.054688
0 0.982422 0.777995 0.035156 0.042969
0 0.794922 0.748698 0.039062 0.059896
0 0.237305 0.755208 0.064453 0.101562
0 0.820312 0.710286 0.021484 0.029948
0 0.885254 0.704427 0.077148 0.062500
0 0.031250 0.695312 0.062500 0.067708
0 0.020020 0.647135 0.040039 0.062500
0 0.106934 0.754557 0.213867 0.279948
0 0.559570 0.603516 0.044922 0.055990
0 0.959473 0.661458 0.081055 0.203125
0 0.040527 0.615885 0.045898 0.117188
0 0.006836 0.584635 0.013672 0.057292
0 0.397461 0.548828 0.025391 0.027344
0 0.909668 0.542318 0.053711 0.048177
0 0.515137 0.539062 0.088867 0.041667
0 0.190430 0.521484 0.017578 0.035156
0 0.854980 0.516927 0.053711 0.054688
0 0.924316 0.478516 0.026367 0.027344
0 0.558105 0.479167 0.041992 0.044271
0 0.253906 0.483073 0.097656 0.065104
0 0.187012 0.473958 0.028320 0.067708
0 0.506836 0.448568 0.097656 0.149740
0 0.432617 0.393880 0.041016 0.042969
0 0.408203 0.383464 0.025391 0.035156
0 0.296387 0.382161 0.040039 0.032552
0 0.225098 0.374349 0.084961 0.087240
0 0.455566 0.354167 0.049805 0.065104
0 0.760742 0.331380 0.035156 0.022135
0 0.708008 0.322266 0.035156 0.032552
0 0.220215 0.322266 0.036133 0.035156
0 0.393555 0.330729 0.078125 0.065104
0 0.461426 0.623698 0.922852 0.684896
0 0.899414 0.249349 0.039062 0.074219
0 0.509277 0.235026 0.043945 0.058594
0 0.959473 0.255208 0.081055 0.114583
0 0.916992 0.225260 0.042969 0.078125
0 0.850098 0.232422 0.047852 0.118490
0 0.883301 0.179036 0.022461 0.061198
0 0.655273 0.128255 0.037109 0.071615
0 0.605469 0.158203 0.070312 0.131510
0 0.337402 0.133464 0.026367 0.082031
0 0.642090 0.078776 0.032227 0.024740
0 0.601074 0.078776 0.030273 0.024740
0 0.557129 0.078776 0.041992 0.024740
0 0.480957 0.078776 0.024414 0.024740
0 0.395020 0.078776 0.065430 0.024740
0 0.301758 0.078776 0.031250 0.024740
0 0.912598 0.069661 0.026367 0.040365
0 0.479492 0.053385 0.037109 0.023438
0 0.425293 0.053385 0.045898 0.023438
0 0.401855 0.053385 0.020508 0.023438
0 0.354004 0.053385 0.077148 0.023438
0 0.295898 0.053385 0.042969 0.023438
0 0.605957 0.039714 0.038086 0.050781
0 0.979492 0.121745 0.041016 0.243490
0 0.949219 0.009766 0.039062 0.019531
0 0.895020 0.022135 0.059570 0.044271
0 0.810547 0.112630 0.097656 0.225260
0 0.639160 0.032552 0.041992 0.065104
0 0.578613 0.032552 0.084961 0.065104
0 0.518066 0.032552 0.040039 0.065104
0 0.412109 0.287109 0.824219 0.574219