0 0.162109 0.951823 0.033203 0.031250
0 0.515625 0.950521 0.042969 0.033854
0 0.343262 0.931641 0.133789 0.071615
0 0.209961 0.843099 0.019531 0.024740
0 0.718262 0.819661 0.028320 0.032552
0 0.965332 0.776042 0.069336 0.091146
0 0.596680 0.858073 0.236328 0.281250
0 0.769043 0.684245 0.022461 0.061198
0 0.016113 0.626302 0.032227 0.049479
0 0.295410 0.611328 0.036133 0.035156
0 0.541992 0.580078 0.027344 0.029948
0 0.577637 0.527344 0.034180 0.039062
0 0.817871 0.502604 0.047852 0.041667
0 0.279297 0.496094 0.023438 0.044271
0 0.270996 0.464193 0.038086 0.042969
0 0.791504 0.421875 0.084961 0.140625
0 0.074219 0.311198 0.033203 0.046875
0 0.948730 0.296875 0.036133 0.039062
0 0.032227 0.319661 0.064453 0.089844
0 0.875488 0.334635 0.092773 0.145833
0 0.886230 0.264323 0.057617 0.080729
0 0.956055 0.228516 0.037109 0.037760
0 0.031250 0.223307 0.029297 0.032552
0 0.008789 0.223958 0.017578 0.062500
0 0.912109 0.218750 0.050781 0.062500
0 0.989258 0.171224 0.021484 0.076823
0 0.369141 0.135417 0.052734 0.057292
0 0.036133 0.141927 0.072266 0.119792
0 0.349121 0.084635 0.020508 0.039062
0 0.958984 0.027344 0.082031 0.054688
0 0.869141 0.013021 0.095703 0.026042
0 0.500000 0.499349 1.000000 0.998698
0 0.633301 0.023438 0.038086 0.046875
0 0.528809 0.024740 0.040039 0.049479