0 0.429199 0.931641 0.198242 0.071615
0 0.844727 0.899089 0.056641 0.035156
0 0.950684 0.895182 0.098633 0.058594
0 0.063965 0.860026 0.127930 0.134115
0 0.972656 0.778646 0.023438 0.059896
0 0.144531 0.761068 0.031250 0.027344
0 0.912598 0.681641 0.022461 0.029948
0 0.154297 0.655599 0.052734 0.037760
0 0.018555 0.613932 0.037109 0.053385
0 0.060547 0.578125 0.041016 0.039062
0 0.345703 0.672526 0.353516 0.444010
0 0.720215 0.722005 0.411133 0.553385
0 0.571289 0.442708 0.023438 0.023438
0 0.511230 0.464193 0.045898 0.071615
0 0.265625 0.394531 0.066406 0.059896
0 0.501465 0.381510 0.018555 0.065104
0 0.762695 0.335286 0.197266 0.225260
0 0.207520 0.222005 0.036133 0.014323
0 0.916504 0.264974 0.166992 0.160156
0 0.683105 0.190104 0.018555 0.036458
0 0.987305 0.193359 0.021484 0.045573
0 0.785156 0.183594 0.017578 0.036458
0 0.992188 0.154297 0.015625 0.037760
0 0.641113 0.179688 0.075195 0.093750
0 0.512207 0.141276 0.040039 0.016927
0 0.449707 0.120443 0.049805 0.022135
0 0.992188 0.122396 0.015625 0.031250
0 0.393066 0.119141 0.055664 0.024740
0 0.327148 0.119141 0.035156 0.024740
0 0.724609 0.111328 0.093750 0.037760
0 0.354492 0.098958 0.099609 0.013021
0 0.594727 0.078776 0.076172 0.024740
0 0.361816 0.055339 0.063477 0.019531
0 0.306641 0.246745 0.613281 0.410156
0 0.792969 0.065755 0.048828 0.055990
0 0.991211 0.061198 0.017578 0.070312
0 0.808594 0.020182 0.050781 0.035156
0 0.935059 0.009766 0.063477 0.019531
0 0.579102 0.032552 0.267578 0.065104
0 0.221191 0.023438 0.012695 0.046875