0 0.180176 0.953776 0.043945 0.027344
0 0.219238 0.938802 0.045898 0.057292
0 0.488770 0.931641 0.122070 0.071615
0 0.190430 0.919922 0.058594 0.048177
0 0.049805 0.931641 0.091797 0.071615
0 0.323242 0.878906 0.039062 0.031250
0 0.302246 0.863932 0.071289 0.061198
0 0.063965 0.893880 0.127930 0.121094
0 0.375977 0.852865 0.025391 0.044271
0 0.349121 0.849609 0.020508 0.037760
0 0.016602 0.827474 0.033203 0.029948
0 0.341797 0.800781 0.033203 0.028646
0 0.179199 0.729818 0.069336 0.069010
0 0.835938 0.695312 0.033203 0.044271
0 0.078613 0.691406 0.067383 0.080729
0 0.131348 0.760417 0.262695 0.268229
0 0.736328 0.645833 0.037109 0.046875
0 0.768555 0.626302 0.031250 0.036458
0 0.103027 0.619792 0.026367 0.028646
0 0.868164 0.656901 0.046875 0.108073
0 0.029297 0.624349 0.025391 0.048177
0 0.053223 0.613281 0.026367 0.057292
0 0.022949 0.561849 0.045898 0.045573
0 0.198242 0.542969 0.027344 0.036458
0 0.951172 0.548177 0.087891 0.070312
0 0.642090 0.530599 0.024414 0.048177
0 0.160156 0.599609 0.095703 0.222656
0 0.128418 0.496745 0.026367 0.035156
0 0.986328 0.486328 0.027344 0.048177
0 0.849121 0.456380 0.036133 0.032552
0 0.188965 0.447917 0.047852 0.041667
0 0.024902 0.483073 0.049805 0.132812
0 0.702637 0.430990 0.043945 0.044271
0 0.126465 0.387370 0.047852 0.032552
0 0.053223 0.376953 0.045898 0.048177
0 0.692383 0.284505 0.039062 0.035156
0 0.616699 0.338542 0.108398 0.145833
0 0.737793 0.337891 0.170898 0.147135
0 0.726074 0.268880 0.028320 0.066406
0 0.374512 0.256510 0.045898 0.052083
0 0.512695 0.203776 0.041016 0.022135
0 0.985352 0.203125 0.029297 0.046875
0 0.569824 0.221354 0.147461 0.093750
0 0.680664 0.196615 0.025391 0.046875
0 0.698242 0.214193 0.066406 0.089844
0 0.531738 0.175781 0.059570 0.041667
0 0.493164 0.552083 0.986328 0.830729
0 0.663086 0.160807 0.046875 0.074219
0 0.840820 0.200521 0.169922 0.195312
0 0.546387 0.125000 0.049805 0.052083
0 0.701172 0.117839 0.037109 0.050781
0 0.595215 0.119792 0.040039 0.054688
0 0.531738 0.104818 0.030273 0.024740
0 0.483887 0.128906 0.092773 0.072917
0 0.380371 0.162760 0.102539 0.140625
0 0.293945 0.117839 0.087891 0.050781
0 0.180176 0.113932 0.043945 0.048177
0 0.799316 0.088542 0.028320 0.049479
0 0.992188 0.100260 0.015625 0.085938
0 0.483887 0.053385 0.041992 0.023438
0 0.273438 0.053385 0.035156 0.023438
0 0.751953 0.050130 0.050781 0.029948
0 0.786133 0.024740 0.048828 0.049479
0 0.550293 0.032552 0.043945 0.065104