0 0.777344 0.957031 0.031250 0.028646
0 0.906250 0.970052 0.074219 0.057292
0 0.833984 0.916667 0.037109 0.041667
0 0.801270 0.904297 0.040039 0.024740
0 0.979004 0.909505 0.030273 0.042969
0 0.984863 0.897786 0.030273 0.040365
0 0.866699 0.876953 0.030273 0.035156
0 0.353027 0.873698 0.040039 0.039062
0 0.014160 0.863281 0.028320 0.033854
0 0.557129 0.833333 0.036133 0.044271
0 0.863770 0.832031 0.079102 0.059896
0 0.245117 0.804036 0.019531 0.027344
0 0.950195 0.868490 0.099609 0.161458
0 0.807617 0.810547 0.050781 0.053385
0 0.952148 0.785156 0.042969 0.023438
0 0.192871 0.782552 0.045898 0.036458
0 0.488281 0.791667 0.033203 0.065104
0 0.886719 0.770182 0.039062 0.040365
0 0.864258 0.777995 0.060547 0.055990
0 0.841309 0.742188 0.036133 0.052083
0 0.831055 0.706380 0.037109 0.019531
0 0.955078 0.682943 0.037109 0.019531
0 0.706055 0.823568 0.230469 0.350260
0 0.784180 0.662109 0.037109 0.029948
0 0.853516 0.659505 0.046875 0.045573
0 0.115234 0.681641 0.230469 0.089844
0 0.795410 0.637370 0.051758 0.024740
0 0.355469 0.641276 0.238281 0.076823
0 0.104004 0.611328 0.026367 0.050781
0 0.049316 0.597656 0.024414 0.031250
0 0.646484 0.602865 0.113281 0.054688
0 0.144043 0.583333 0.030273 0.023438
0 0.909668 0.591146 0.100586 0.078125
0 0.972168 0.580078 0.026367 0.063802
0 0.906738 0.550781 0.041992 0.018229
0 0.302246 0.554036 0.014648 0.040365
0 0.984375 0.533854 0.031250 0.026042
0 0.144043 0.539062 0.053711 0.039062
0 0.108398 0.529297 0.023438 0.029948
0 0.056641 0.539714 0.076172 0.050781
0 0.549805 0.507161 0.035156 0.045573
0 0.025879 0.486328 0.051758 0.095052
0 0.129395 0.450521 0.036133 0.044271
0 0.808105 0.583984 0.383789 0.363281
0 0.149414 0.413411 0.029297 0.040365
0 0.264648 0.393880 0.031250 0.037760
0 0.684570 0.365234 0.021484 0.024740
0 0.718750 0.369792 0.056641 0.052083
0 0.336426 0.369792 0.102539 0.052083
0 0.488770 0.483073 0.233398 0.289062
0 0.978516 0.360677 0.042969 0.072917
0 0.638672 0.360677 0.083984 0.072917
0 0.505371 0.338542 0.045898 0.052083
0 0.105469 0.330729 0.048828 0.041667
0 0.612305 0.304036 0.033203 0.035156
0 0.295898 0.292318 0.062500 0.029948
0 0.645508 0.295573 0.031250 0.049479
0 0.339355 0.290365 0.028320 0.044271
0 0.723145 0.307292 0.106445 0.098958
0 0.408691 0.296224 0.043945 0.076823
0 0.936523 0.296875 0.121094 0.117188
0 0.380371 0.250000 0.063477 0.067708
0 0.277832 0.237630 0.038086 0.050781
0 0.704590 0.236979 0.081055 0.085938
0 0.574219 0.184245 0.017578 0.045573
0 0.344238 0.163411 0.038086 0.024740
0 0.681641 0.163411 0.078125 0.061198
0 0.598145 0.154948 0.028320 0.044271
0 0.150391 0.143880 0.023438 0.040365
0 0.218750 0.147786 0.044922 0.050781
0 0.054199 0.112630 0.034180 0.032552
0 0.190918 0.125000 0.057617 0.059896
0 0.067871 0.177734 0.135742 0.191406
0 0.024902 0.113281 0.049805 0.062500
0 0.261719 0.102214 0.078125 0.063802
0 0.769531 0.036458 0.029297 0.052083
0 0.873535 0.011719 0.045898 0.023438
0 0.668457 0.028646 0.051758 0.057292