0 0.701172 0.983724 0.025391 0.024740
0 0.528320 0.951823 0.039062 0.031250
0 0.947754 0.965495 0.045898 0.066406
0 0.607910 0.950521 0.049805 0.078125
0 0.869629 0.930339 0.032227 0.045573
0 0.780762 0.919271 0.024414 0.033854
0 0.395020 0.931641 0.211914 0.071615
0 0.302246 0.912109 0.038086 0.032552
0 0.897949 0.901693 0.022461 0.035156
0 0.842285 0.893880 0.055664 0.058594
0 0.974121 0.883464 0.051758 0.040365
0 0.575195 0.886719 0.044922 0.046875
0 0.905273 0.873698 0.039062 0.033854
0 0.676758 0.890625 0.070312 0.088542
0 0.629395 0.859375 0.059570 0.046875
0 0.949707 0.836589 0.047852 0.022135
0 0.694824 0.845052 0.055664 0.044271
0 0.850586 0.826823 0.058594 0.018229
0 0.666504 0.819661 0.057617 0.027344
0 0.789062 0.810547 0.058594 0.029948
0 0.739258 0.824870 0.039062 0.061198
0 0.692871 0.792318 0.032227 0.029948
0 0.834473 0.791016 0.038086 0.045573
0 0.718262 0.783854 0.032227 0.036458
0 0.949219 0.791667 0.101562 0.080729
0 0.785645 0.771484 0.051758 0.050781
0 0.752441 0.738281 0.020508 0.036458
0 0.971191 0.726562 0.041992 0.057292
0 0.907715 0.688151 0.043945 0.016927
0 0.755859 0.697266 0.048828 0.048177
0 0.942871 0.694661 0.032227 0.055990
0 0.842285 0.708984 0.149414 0.126302
0 0.876953 0.615234 0.019531 0.029948
0 0.956055 0.608724 0.033203 0.053385
0 0.924805 0.617188 0.052734 0.106771
0 0.986328 0.569661 0.027344 0.076823
0 0.966797 0.544922 0.042969 0.032552
0 0.876953 0.539714 0.033203 0.024740
0 0.196289 0.505208 0.027344 0.036458
0 0.060059 0.475260 0.034180 0.049479
0 0.560547 0.466146 0.023438 0.036458
0 0.707031 0.400391 0.029297 0.042969
0 0.928223 0.009766 0.051758 0.019531
0 0.500000 0.485026 1.000000 0.970052