0 0.737305 0.975260 0.029297 0.046875
0 0.020996 0.957031 0.034180 0.020833
0 0.073242 0.942708 0.033203 0.041667
0 0.795898 0.955729 0.105469 0.085938
0 0.677246 0.926432 0.020508 0.045573
0 0.653809 0.947917 0.141602 0.101562
0 0.362793 0.931641 0.178711 0.071615
0 0.023438 0.923177 0.039062 0.054688
0 0.717773 0.938802 0.072266 0.096354
0 0.768555 0.899740 0.050781 0.044271
0 0.074707 0.897786 0.053711 0.045573
0 0.602051 0.878255 0.051758 0.045573
0 0.831543 0.858073 0.030273 0.028646
0 0.643066 0.879557 0.032227 0.074219
0 0.506348 0.865234 0.053711 0.048177
0 0.553711 0.857422 0.037109 0.042969
0 0.721680 0.848307 0.070312 0.102865
0 0.739746 0.805339 0.036133 0.045573
0 0.602539 0.816406 0.027344 0.083333
0 0.539062 0.758464 0.041016 0.032552
0 0.535156 0.727865 0.023438 0.036458
0 0.408203 0.699219 0.023438 0.031250
0 0.631348 0.716146 0.040039 0.070312
0 0.539551 0.641927 0.020508 0.033854
0 0.621094 0.645833 0.058594 0.044271
0 0.654785 0.621745 0.030273 0.058594
0 0.605469 0.611328 0.041016 0.037760
0 0.028320 0.576823 0.031250 0.028646
0 0.611328 0.559245 0.023438 0.040365
0 0.345215 0.513672 0.040039 0.042969
0 0.388672 0.472005 0.031250 0.027344
0 0.601074 0.462891 0.043945 0.035156
0 0.142090 0.649740 0.284180 0.486979
0 0.378418 0.634766 0.448242 0.519531
0 0.050293 0.447917 0.100586 0.171875
0 0.064941 0.371094 0.040039 0.028646
0 0.284668 0.378255 0.055664 0.069010
0 0.536133 0.359375 0.054688 0.039062
0 0.339355 0.341146 0.026367 0.031250
0 0.248047 0.343750 0.037109 0.044271
0 0.376465 0.339844 0.038086 0.041667
0 0.112793 0.345052 0.061523 0.070312
0 0.411621 0.326823 0.045898 0.054688
0 0.183594 0.298177 0.033203 0.026042
0 0.451660 0.288411 0.034180 0.024740
0 0.146973 0.274740 0.038086 0.049479
0 0.424805 0.271484 0.023438 0.045573
0 0.014160 0.264974 0.028320 0.040365
0 0.266602 0.235026 0.078125 0.042969
0 0.805664 0.234375 0.037109 0.044271
0 0.115723 0.236979 0.024414 0.052083
0 0.786133 0.591797 0.427734 0.813802
0 0.204590 0.209635 0.020508 0.052083
0 0.041504 0.248698 0.083008 0.135417
0 0.080566 0.197266 0.036133 0.042969
0 0.162109 0.212240 0.058594 0.078125
0 0.687988 0.192057 0.028320 0.061198
0 0.622559 0.155599 0.024414 0.045573
0 0.553223 0.166667 0.075195 0.067708
0 0.500977 0.143880 0.039062 0.022135
0 0.031250 0.147786 0.056641 0.045573
0 0.114746 0.137370 0.022461 0.045573
0 0.567383 0.119141 0.064453 0.024740
0 0.475098 0.119141 0.114258 0.024740
0 0.376953 0.119141 0.058594 0.024740
0 0.102539 0.125000 0.050781 0.044271
0 0.060547 0.113281 0.031250 0.036458
0 0.584473 0.098958 0.096680 0.013021
0 0.478516 0.098958 0.121094 0.013021
0 0.373047 0.098958 0.082031 0.013021
0 0.021484 0.106771 0.029297 0.044271
0 0.067871 0.102865 0.057617 0.041667
0 0.619141 0.078776 0.072266 0.024740
0 0.492188 0.078776 0.144531 0.024740
0 0.397461 0.078776 0.042969 0.024740
0 0.346191 0.053385 0.120117 0.023438
0 0.275879 0.123698 0.282227 0.197917
0 0.793945 0.065755 0.212891 0.131510
0 0.665527 0.013021 0.043945 0.026042
0 0.537109 0.032552 0.253906 0.065104