0 0.943848 0.985026 0.034180 0.027344
0 0.889648 0.983073 0.064453 0.031250
0 0.102539 0.960286 0.033203 0.014323
0 0.977539 0.965495 0.044922 0.042969
0 0.636719 0.955729 0.035156 0.049479
0 0.526367 0.946615 0.033203 0.041667
0 0.924316 0.947917 0.051758 0.059896
0 0.745605 0.934245 0.022461 0.035156
0 0.851074 0.955729 0.063477 0.085938
0 0.045898 0.931641 0.070312 0.071615
0 0.620117 0.904948 0.052734 0.046875
0 0.420898 0.880208 0.031250 0.028646
0 0.365723 0.880208 0.065430 0.028646
0 0.791016 0.876953 0.021484 0.027344
0 0.209473 0.877604 0.020508 0.033854
0 0.261719 0.874349 0.027344 0.032552
0 0.831543 0.873047 0.028320 0.035156
0 0.615234 0.867188 0.037109 0.031250
0 0.540039 0.858724 0.048828 0.019531
0 0.657227 0.880859 0.039062 0.066406
0 0.913086 0.878906 0.076172 0.065104
0 0.395996 0.850911 0.020508 0.029948
0 0.859375 0.860677 0.033203 0.059896
0 0.840332 0.825521 0.059570 0.031250
0 0.723633 0.815104 0.050781 0.026042
0 0.492188 0.815755 0.035156 0.037760
0 0.681641 0.841146 0.044922 0.101562
0 0.584473 0.843750 0.114258 0.127604
0 0.895508 0.799479 0.054688 0.080729
0 0.972168 0.796224 0.055664 0.082031
0 0.470703 0.782552 0.023438 0.057292
0 0.491699 0.772786 0.024414 0.045573
0 0.377930 0.805339 0.105469 0.121094
0 0.928223 0.759115 0.032227 0.039062
0 0.341797 0.746745 0.035156 0.019531
0 0.584961 0.746094 0.035156 0.039062
0 0.105469 0.847656 0.210938 0.244792
0 0.718262 0.743490 0.065430 0.046875
0 0.371582 0.730469 0.032227 0.020833
0 0.494629 0.725260 0.026367 0.020833
0 0.884766 0.727214 0.042969 0.045573
0 0.035156 0.682943 0.025391 0.035156
0 0.991699 0.682943 0.016602 0.050781
0 0.066406 0.624349 0.046875 0.058594
0 0.013184 0.572266 0.026367 0.035156
0 0.041504 0.552734 0.047852 0.029948
0 0.498047 0.522135 0.072266 0.031250
0 0.610352 0.438151 0.042969 0.053385
0 0.154297 0.444010 0.029297 0.075521
0 0.472656 0.388672 0.033203 0.035156
0 0.073242 0.368490 0.146484 0.096354
0 0.644043 0.347005 0.034180 0.061198
0 0.733398 0.287760 0.019531 0.046875
0 0.589844 0.300130 0.052734 0.092448
0 0.060547 0.266927 0.044922 0.036458
0 0.744141 0.249349 0.039062 0.050781
0 0.305176 0.282552 0.196289 0.127604
0 0.594238 0.227214 0.026367 0.050781
0 0.352051 0.149740 0.053711 0.033854
0 0.842285 0.151042 0.034180 0.046875
0 0.699707 0.171875 0.059570 0.098958
0 0.953125 0.128255 0.039062 0.027344
0 0.344238 0.127604 0.036133 0.028646
0 0.506348 0.126953 0.041992 0.032552
0 0.756836 0.139974 0.080078 0.061198
0 0.471680 0.110677 0.035156 0.041667
0 0.791016 0.115234 0.054688 0.074219
0 0.690918 0.111979 0.047852 0.072917
0 0.906738 0.077474 0.028320 0.022135
0 0.513672 0.086589 0.041016 0.040365
0 0.529785 0.287760 0.290039 0.447917
0 0.745605 0.069661 0.088867 0.045573
0 0.614746 0.081380 0.081055 0.074219
0 0.411621 0.063802 0.043945 0.044271
0 0.666504 0.045573 0.040039 0.044271
0 0.588379 0.039062 0.032227 0.033854
0 0.128906 0.177734 0.257812 0.311198
0 0.797363 0.059245 0.057617 0.084635
0 0.541016 0.447266 0.917969 0.871094
0 0.921875 0.009766 0.033203 0.019531
0 0.893555 0.009766 0.033203 0.019531
0 0.790039 0.021484 0.058594 0.042969
0 0.511230 0.048177 0.096680 0.096354