0 0.179688 0.945312 0.054688 0.044271
0 0.026855 0.922526 0.045898 0.053385
0 0.107910 0.916667 0.026367 0.052083
0 0.698730 0.899740 0.024414 0.041667
0 0.400391 0.876953 0.041016 0.035156
0 0.205078 0.875000 0.044922 0.039062
0 0.541992 0.865885 0.023438 0.046875
0 0.364258 0.851562 0.072266 0.036458
0 0.648438 0.854167 0.064453 0.083333
0 0.118164 0.792318 0.033203 0.037760
0 0.495605 0.777995 0.032227 0.027344
0 0.398926 0.794922 0.057617 0.082031
0 0.694824 0.750000 0.061523 0.067708
0 0.351562 0.729818 0.054688 0.035156
0 0.594727 0.801432 0.066406 0.199219
0 0.512695 0.733724 0.097656 0.063802
0 0.458984 0.798177 0.076172 0.192708
0 0.641113 0.719401 0.047852 0.037760
0 0.398926 0.720703 0.036133 0.076823
0 0.363770 0.679688 0.041992 0.049479
0 0.423340 0.666016 0.036133 0.024740
0 0.606445 0.682292 0.117188 0.078125
0 0.527344 0.667318 0.037109 0.055990
0 0.380859 0.633464 0.058594 0.074219
0 0.586914 0.606771 0.025391 0.046875
0 0.486816 0.639323 0.067383 0.119792
0 0.551270 0.608724 0.071289 0.084635
0 0.419434 0.587891 0.055664 0.048177
0 0.372559 0.570964 0.040039 0.032552
0 0.198242 0.571615 0.041016 0.067708
0 0.381348 0.540365 0.030273 0.028646
0 0.140137 0.561198 0.049805 0.072917
0 0.178223 0.712891 0.356445 0.402344
0 0.492188 0.525391 0.072266 0.029948
0 0.354004 0.516927 0.053711 0.046875
0 0.444824 0.542318 0.065430 0.102865
0 0.395996 0.503906 0.038086 0.031250
0 0.165039 0.500000 0.044922 0.054688
0 0.131836 0.492839 0.023438 0.058594
0 0.233398 0.492188 0.085938 0.083333
0 0.173340 0.464844 0.055664 0.036458
0 0.124512 0.453776 0.034180 0.027344
0 0.166016 0.444661 0.054688 0.022135
0 0.286133 0.442708 0.035156 0.020833
0 0.384766 0.452474 0.056641 0.050781
0 0.062500 0.480469 0.083984 0.127604
0 0.242188 0.429688 0.062500 0.049479
0 0.368164 0.405599 0.107422 0.079427
0 0.274414 0.379557 0.050781 0.037760
0 0.985352 0.326172 0.029297 0.050781
0 0.902344 0.295573 0.029297 0.026042
0 0.948730 0.255859 0.102539 0.089844
0 0.922852 0.199219 0.054688 0.031250
0 0.554688 0.176432 0.031250 0.024740
0 0.635742 0.113281 0.044922 0.041667
0 0.055664 0.120443 0.029297 0.055990
0 0.020996 0.112630 0.041992 0.048177
0 0.168457 0.108724 0.081055 0.053385
0 0.528320 0.078776 0.056641 0.024740
0 0.472656 0.078776 0.039062 0.024740
0 0.988770 0.097656 0.022461 0.091146
0 0.259766 0.056641 0.037109 0.029948
0 0.219727 0.063151 0.015625 0.045573
0 0.976562 0.009766 0.046875 0.019531
0 0.898438 0.011719 0.025391 0.023438
0 0.828125 0.011719 0.041016 0.023438
0 0.779297 0.024740 0.035156 0.049479
0 0.500000 0.499349 1.000000 0.998698
0 0.491699 0.032552 0.168945 0.065104