0 0.749023 0.972005 0.062500 0.027344
0 0.706055 0.880859 0.027344 0.042969
0 0.325195 0.865234 0.037109 0.042969
0 0.839844 0.865885 0.017578 0.052083
0 0.875000 0.838542 0.027344 0.031250
0 0.717773 0.775391 0.029297 0.058594
0 0.026367 0.750000 0.052734 0.028646
0 0.950195 0.751302 0.048828 0.033854
0 0.312988 0.776042 0.120117 0.083333
0 0.243652 0.728516 0.022461 0.035156
0 0.928711 0.709635 0.050781 0.023438
0 0.130859 0.746745 0.226562 0.118490
0 0.495117 0.746745 0.330078 0.207031
0 0.525391 0.664714 0.021484 0.042969
0 0.880859 0.633464 0.025391 0.040365
0 0.430176 0.627604 0.114258 0.080729
0 0.630859 0.572266 0.042969 0.040365
0 0.485352 0.570312 0.041016 0.052083
0 0.312988 0.567057 0.075195 0.063802
0 0.791992 0.554688 0.041016 0.046875
0 0.885742 0.529948 0.031250 0.046875
0 0.136719 0.542318 0.273438 0.105469
0 0.368164 0.493490 0.050781 0.020833
0 0.654785 0.512370 0.049805 0.079427
0 0.979980 0.380859 0.040039 0.019531
0 0.469727 0.436198 0.123047 0.143229
0 0.476562 0.366536 0.039062 0.022135
0 0.667969 0.367188 0.087891 0.072917
0 0.503418 0.302083 0.028320 0.044271
0 0.715820 0.309896 0.052734 0.062500
0 0.512207 0.257161 0.041992 0.045573
0 0.851562 0.271484 0.218750 0.082031
0 0.068848 0.248698 0.026367 0.036458
0 0.724121 0.237630 0.041992 0.032552
0 0.533691 0.221354 0.038086 0.031250
0 0.127441 0.216797 0.043945 0.022135
0 0.038086 0.218750 0.062500 0.065104
0 0.180176 0.209635 0.034180 0.070312
0 0.018066 0.164062 0.036133 0.036458
0 0.474121 0.122396 0.026367 0.031250
0 0.098145 0.102214 0.043945 0.037760
0 0.817871 0.106120 0.096680 0.061198
0 0.222656 0.092448 0.039062 0.033854
0 0.235840 0.078776 0.045898 0.032552
0 0.687500 0.087240 0.054688 0.093750
0 0.678223 0.018880 0.016602 0.037760
0 0.572754 0.009766 0.040039 0.019531