0 0.342285 0.959635 0.067383 0.015625
0 0.541504 0.950521 0.057617 0.033854
0 0.694336 0.950521 0.029297 0.036458
0 0.272461 0.914714 0.033203 0.032552
0 0.443359 0.932292 0.113281 0.070312
0 0.340820 0.914714 0.052734 0.035156
0 0.532227 0.914714 0.052734 0.037760
0 0.481934 0.907552 0.055664 0.023438
0 0.637207 0.938151 0.127930 0.121094
0 0.104004 0.899740 0.079102 0.044271
0 0.208008 0.873047 0.070312 0.042969
0 0.172852 0.865885 0.039062 0.044271
0 0.781738 0.860677 0.043945 0.052083
0 0.016602 0.853516 0.033203 0.042969
0 0.047363 0.840495 0.030273 0.029948
0 0.468262 0.829427 0.040039 0.036458
0 0.024414 0.805990 0.048828 0.057292
0 0.613770 0.764323 0.028320 0.036458
0 0.831543 0.758464 0.018555 0.035156
0 0.781738 0.752604 0.038086 0.031250
0 0.904297 0.734375 0.037109 0.044271
0 0.950684 0.683594 0.028320 0.033854
0 0.480957 0.675130 0.030273 0.032552
0 0.990723 0.658203 0.018555 0.040365
0 0.847168 0.645182 0.026367 0.037760
0 0.663086 0.630859 0.037109 0.022135
0 0.550293 0.621745 0.028320 0.037760
0 0.986328 0.582031 0.027344 0.052083
0 0.566406 0.566406 0.070312 0.026042
0 0.618164 0.563802 0.041016 0.028646
0 0.568359 0.526042 0.072266 0.033854
0 0.645996 0.523438 0.036133 0.049479
0 0.166504 0.513672 0.043945 0.037760
0 0.118652 0.669271 0.237305 0.450521
0 0.589355 0.450521 0.030273 0.044271
0 0.754883 0.434896 0.041016 0.062500
0 0.588379 0.417969 0.047852 0.028646
0 0.704102 0.463542 0.128906 0.122396
0 0.820801 0.434896 0.061523 0.083333
0 0.615234 0.434896 0.050781 0.114583
0 0.798340 0.397786 0.024414 0.048177
0 0.253906 0.348958 0.025391 0.039062
0 0.224609 0.331380 0.025391 0.035156
0 0.653320 0.348958 0.050781 0.083333
0 0.913574 0.406901 0.172852 0.227865
0 0.962402 0.284505 0.038086 0.019531
0 0.538086 0.287109 0.025391 0.029948
0 0.885742 0.296875 0.033203 0.085938
0 0.507324 0.274089 0.051758 0.048177
0 0.983398 0.251302 0.033203 0.026042
0 0.671387 0.257812 0.036133 0.039062
0 0.823730 0.255208 0.057617 0.044271
0 0.776855 0.256510 0.045898 0.054688
0 0.743652 0.280599 0.047852 0.115885
0 0.706055 0.250651 0.042969 0.071615
0 0.570312 0.250000 0.060547 0.075521
0 0.583496 0.210938 0.030273 0.036458
0 0.986328 0.214844 0.027344 0.046875
0 0.515137 0.210938 0.036133 0.039062
0 0.910156 0.233073 0.068359 0.088542
0 0.728027 0.199219 0.026367 0.044271
0 0.620605 0.189453 0.034180 0.063802
0 0.743652 0.169271 0.028320 0.033854
0 0.787109 0.191406 0.074219 0.093750
0 0.024902 0.147786 0.047852 0.035156
0 0.682129 0.140625 0.022461 0.044271
0 0.401855 0.131510 0.028320 0.059896
0 0.831055 0.126302 0.056641 0.054688
0 0.747559 0.116536 0.028320 0.035156
0 0.564941 0.123698 0.086914 0.057292
0 0.529785 0.106120 0.038086 0.022135
0 0.685547 0.101562 0.035156 0.018229
0 0.619629 0.111979 0.034180 0.039062
0 0.491211 0.120443 0.027344 0.055990
0 0.449219 0.128906 0.062500 0.072917
0 0.785156 0.111328 0.050781 0.079427
0 0.589355 0.054036 0.041992 0.022135
0 0.412598 0.053385 0.057617 0.023438
0 0.296875 0.468099 0.593750 0.852865
0 0.232422 0.059245 0.029297 0.037760
0 0.669922 0.052083 0.035156 0.026042
0 0.625000 0.045573 0.035156 0.018229
0 0.579102 0.023438 0.039062 0.026042
0 0.797363 0.024089 0.040039 0.048177
0 0.633301 0.020833 0.065430 0.041667