0 0.408691 0.940104 0.125977 0.046875
0 0.409180 0.919271 0.105469 0.046875
0 0.415527 0.861328 0.098633 0.066406
0 0.464844 0.860677 0.035156 0.067708
0 0.425293 0.811198 0.030273 0.023438
0 0.535645 0.782552 0.038086 0.052083
0 0.568359 0.761719 0.033203 0.049479
0 0.544922 0.608724 0.029297 0.040365
0 0.550293 0.569010 0.098633 0.096354
0 0.550781 0.503255 0.027344 0.037760
0 0.505859 0.492188 0.041016 0.041667
0 0.336914 0.463542 0.017578 0.036458
0 0.587402 0.419271 0.028320 0.018229
0 0.576660 0.321615 0.024414 0.023438
0 0.444824 0.473958 0.256836 0.406250