0 0.605957 0.983724 0.040039 0.029948
0 0.975586 0.972005 0.048828 0.053385
0 0.551270 0.938802 0.038086 0.026042
0 0.958496 0.920573 0.026367 0.041667
0 0.332031 0.924479 0.046875 0.057292
0 0.278320 0.931641 0.076172 0.071615
0 0.154297 0.882161 0.037109 0.024740
0 0.237305 0.865234 0.029297 0.045573
0 0.205078 0.857422 0.035156 0.066406
0 0.484863 0.844401 0.032227 0.061198
0 0.089355 0.832031 0.034180 0.039062
0 0.122559 0.834635 0.059570 0.062500
0 0.829590 0.818359 0.041992 0.035156
0 0.042969 0.854818 0.085938 0.115885
0 0.234863 0.794922 0.024414 0.042969
0 0.190918 0.786458 0.022461 0.033854
0 0.102051 0.788411 0.047852 0.045573
0 0.065918 0.745443 0.038086 0.032552
0 0.383789 0.741536 0.050781 0.037760
0 0.237305 0.745443 0.044922 0.074219
0 0.191406 0.728516 0.041016 0.042969
0 0.035156 0.735677 0.070312 0.117188
0 0.174316 0.692708 0.036133 0.052083
0 0.054688 0.683594 0.031250 0.054688
0 0.706543 0.680339 0.038086 0.095052
0 0.712402 0.641276 0.020508 0.055990
0 0.719238 0.800130 0.561523 0.397135
0 0.908203 0.615885 0.041016 0.033854
0 0.260254 0.597005 0.030273 0.045573
0 0.172852 0.585938 0.031250 0.033854
0 0.572754 0.590495 0.096680 0.074219
0 0.045898 0.613281 0.091797 0.161458
0 0.737305 0.557292 0.023438 0.054688
0 0.769043 0.552734 0.041992 0.084635
0 0.624512 0.565755 0.096680 0.139323
0 0.552734 0.524740 0.033203 0.057292
0 0.139160 0.604167 0.229492 0.216146
0 0.798340 0.553385 0.051758 0.125000
0 0.774414 0.516927 0.029297 0.062500
0 0.750977 0.495443 0.017578 0.045573
0 0.245605 0.509115 0.041992 0.093750
0 0.557617 0.446615 0.037109 0.039062
0 0.125977 0.505208 0.228516 0.174479
0 0.438965 0.436849 0.051758 0.042969
0 0.745605 0.443359 0.030273 0.069010
0 0.231934 0.446615 0.057617 0.080729
0 0.274414 0.434245 0.054688 0.063802
0 0.141113 0.451823 0.135742 0.106771
0 0.904297 0.547526 0.191406 0.305990
0 0.833984 0.433594 0.021484 0.083333
0 0.896973 0.399740 0.028320 0.065104
0 0.707031 0.375651 0.027344 0.037760
0 0.517090 0.449219 0.098633 0.195312
0 0.982910 0.341797 0.034180 0.035156
0 0.270508 0.345052 0.041016 0.075521
0 0.716309 0.337891 0.032227 0.063802
0 0.654297 0.455078 0.167969 0.298177
0 0.958496 0.317708 0.028320 0.062500
0 0.854004 0.370443 0.213867 0.183594
0 0.231934 0.291667 0.034180 0.033854
0 0.361328 0.266276 0.019531 0.037760
0 0.907715 0.270182 0.038086 0.048177
0 0.958984 0.272786 0.082031 0.055990
0 0.455566 0.260417 0.032227 0.036458
0 0.504395 0.240234 0.051758 0.069010
0 0.148926 0.311198 0.229492 0.213542
0 0.982910 0.212240 0.034180 0.020833
0 0.924805 0.216146 0.046875 0.033854
0 0.884766 0.209635 0.046875 0.046875
0 0.576172 0.256510 0.134766 0.153646
0 0.069824 0.186849 0.036133 0.024740
0 0.487793 0.205729 0.047852 0.075521
0 0.343262 0.193359 0.024414 0.069010
0 0.721191 0.219401 0.116211 0.139323
0 0.131348 0.173177 0.100586 0.065104
0 0.330078 0.136068 0.031250 0.048177
0 0.797852 0.199870 0.078125 0.207031
0 0.742676 0.112630 0.038086 0.042969
0 0.548828 0.125651 0.046875 0.069010
0 0.151367 0.115885 0.099609 0.067708
0 0.850098 0.115885 0.026367 0.085938
0 0.404785 0.077474 0.016602 0.055990
0 0.323242 0.468099 0.357422 0.852865
0 0.349121 0.069010 0.045898 0.054688
0 0.328613 0.069661 0.040039 0.055990
0 0.285645 0.134115 0.083008 0.184896
0 0.792969 0.029948 0.064453 0.059896
0 0.614258 0.137370 0.208984 0.274740
0 0.220703 0.017578 0.013672 0.035156