0 0.903809 0.984375 0.030273 0.028646
0 0.853027 0.981120 0.077148 0.035156
0 0.452148 0.955729 0.041016 0.023438
0 0.392090 0.952474 0.036133 0.024740
0 0.947754 0.968099 0.104492 0.061198
0 0.489258 0.950521 0.035156 0.028646
0 0.428711 0.940755 0.056641 0.045573
0 0.331055 0.941406 0.027344 0.052083
0 0.295898 0.941406 0.042969 0.052083
0 0.516113 0.925130 0.047852 0.058594
0 0.785156 0.910156 0.029297 0.046875
0 0.781250 0.869141 0.042969 0.027344
0 0.871094 0.877604 0.025391 0.052083
0 0.288574 0.861979 0.041992 0.039062
0 0.940430 0.890625 0.119141 0.153646
0 0.675293 0.906250 0.213867 0.184896
0 0.920898 0.837240 0.066406 0.052083
0 0.481934 0.830729 0.118164 0.127604
0 0.892090 0.781901 0.028320 0.042969
0 0.934082 0.781250 0.036133 0.057292
0 0.884766 0.761068 0.054688 0.037760
0 0.032227 0.806641 0.064453 0.136719
0 0.817383 0.671875 0.037109 0.036458
0 0.917969 0.660807 0.021484 0.035156
0 0.346680 0.643229 0.060547 0.033854
0 0.087891 0.682292 0.125000 0.114583
0 0.242188 0.601562 0.033203 0.036458
0 0.863770 0.625000 0.079102 0.085938
0 0.796875 0.618490 0.083984 0.096354
0 0.926270 0.591797 0.020508 0.045573
0 0.873535 0.584635 0.038086 0.046875
0 0.766113 0.572917 0.086914 0.059896
0 0.098633 0.593099 0.060547 0.110677
0 0.143066 0.555339 0.045898 0.042969
0 0.894531 0.557943 0.046875 0.058594
0 0.863770 0.529297 0.053711 0.029948
0 0.778320 0.513021 0.035156 0.026042
0 0.640137 0.642578 0.161133 0.300781
0 0.646484 0.503906 0.027344 0.031250
0 0.900879 0.671224 0.198242 0.368490
0 0.922363 0.500651 0.036133 0.042969
0 0.821289 0.496094 0.029297 0.033854
0 0.723145 0.511719 0.084961 0.080729
0 0.972168 0.483724 0.032227 0.042969
0 0.777832 0.465495 0.063477 0.050781
0 0.870117 0.447917 0.089844 0.070312
0 0.986328 0.434245 0.027344 0.050781
0 0.927246 0.411458 0.043945 0.046875
0 0.674805 0.410807 0.041016 0.050781
0 0.103516 0.387370 0.019531 0.042969
0 0.646973 0.377604 0.028320 0.036458
0 0.748047 0.411458 0.138672 0.114583
0 0.444336 0.562500 0.285156 0.429688
0 0.877930 0.388021 0.052734 0.096354
0 0.511230 0.466797 0.143555 0.274740
0 0.705566 0.333984 0.032227 0.029948
0 0.932617 0.341797 0.039062 0.050781
0 0.906738 0.330729 0.041992 0.031250
0 0.520508 0.327474 0.023438 0.040365
0 0.829102 0.325521 0.095703 0.085938
0 0.899902 0.271484 0.030273 0.029948
0 0.767578 0.263021 0.052734 0.052083
0 0.420898 0.240885 0.027344 0.026042
0 0.716309 0.237630 0.036133 0.042969
0 0.845703 0.242839 0.068359 0.066406
0 0.075195 0.481120 0.150391 0.550781
0 0.939941 0.255208 0.120117 0.140625
0 0.240234 0.201172 0.044922 0.035156
0 0.992188 0.129557 0.015625 0.063802
0 0.382812 0.171875 0.248047 0.260417
0 0.992188 0.062500 0.015625 0.057292
0 0.774414 0.027344 0.037109 0.052083
0 0.977539 0.014323 0.044922 0.028646
0 0.875488 0.011068 0.110352 0.022135
0 0.795410 0.014974 0.036133 0.029948
0 0.632324 0.184896 0.454102 0.369792