0 0.562500 0.957031 0.039062 0.020833
0 0.736328 0.968099 0.023438 0.061198
0 0.013672 0.946615 0.019531 0.041667
0 0.544434 0.916667 0.075195 0.041667
0 0.203613 0.914062 0.032227 0.036458
0 0.712891 0.915365 0.029297 0.041667
0 0.655273 0.891927 0.025391 0.041667
0 0.194336 0.871094 0.029297 0.046875
0 0.609375 0.873047 0.064453 0.084635
0 0.567383 0.912760 0.291016 0.171875
0 0.286133 0.832031 0.027344 0.039062
0 0.233398 0.835938 0.042969 0.046875
0 0.640625 0.832682 0.029297 0.042969
0 0.107910 0.826823 0.028320 0.041667
0 0.027832 0.836589 0.055664 0.076823
0 0.073730 0.830729 0.077148 0.078125
0 0.317871 0.813151 0.038086 0.048177
0 0.699707 0.822266 0.049805 0.069010
0 0.538574 0.792318 0.032227 0.042969
0 0.231934 0.796224 0.028320 0.050781
0 0.134766 0.803385 0.062500 0.067708
0 0.089355 0.779948 0.022461 0.031250
0 0.715332 0.777995 0.038086 0.042969
0 0.280762 0.785156 0.057617 0.057292
0 0.384766 0.768880 0.041016 0.032552
0 0.903320 0.746094 0.039062 0.023438
0 0.037598 0.762370 0.075195 0.063802
0 0.067871 0.749349 0.057617 0.040365
0 0.656738 0.744792 0.026367 0.046875
0 0.470215 0.731771 0.055664 0.046875
0 0.380371 0.708333 0.036133 0.046875
0 0.958984 0.755208 0.082031 0.153646
0 0.016113 0.698568 0.028320 0.045573
0 0.589844 0.723958 0.058594 0.101562
0 0.554199 0.747396 0.133789 0.171875
0 0.039551 0.689453 0.040039 0.058594
0 0.292480 0.677734 0.043945 0.037760
0 0.259277 0.682292 0.040039 0.046875
0 0.224121 0.714844 0.065430 0.117188
0 0.627441 0.679036 0.084961 0.092448
0 0.569336 0.642578 0.035156 0.032552
0 0.111816 0.656901 0.057617 0.061198
0 0.171875 0.645833 0.035156 0.049479
0 0.631348 0.641276 0.040039 0.048177
0 0.703613 0.675130 0.051758 0.123698
0 0.401367 0.625651 0.041016 0.037760
0 0.331055 0.635417 0.056641 0.078125
0 0.125000 0.608724 0.021484 0.029948
0 0.832520 0.688802 0.213867 0.208333
0 0.207031 0.584635 0.029297 0.033854
0 0.241699 0.589193 0.061523 0.055990
0 0.904785 0.585938 0.055664 0.054688
0 0.073730 0.589193 0.071289 0.071615
0 0.054199 0.647786 0.108398 0.199219
0 0.740723 0.567057 0.026367 0.071615
0 0.531250 0.545573 0.035156 0.028646
0 0.133789 0.561198 0.021484 0.059896
0 0.965332 0.613281 0.069336 0.174479
0 0.989258 0.561198 0.021484 0.072917
0 0.420410 0.531901 0.028320 0.045573
0 0.286133 0.529948 0.041016 0.046875
0 0.065430 0.531250 0.052734 0.049479
0 0.553711 0.565104 0.068359 0.122396
0 0.741211 0.518880 0.033203 0.058594
0 0.364746 0.518880 0.088867 0.061198
0 0.177734 0.511068 0.037109 0.048177
0 0.623047 0.558594 0.083984 0.151042
0 0.894531 0.495443 0.021484 0.032552
0 0.959961 0.501302 0.025391 0.046875
0 0.284180 0.496745 0.027344 0.042969
0 0.437012 0.491536 0.051758 0.040365
0 0.657227 0.490885 0.019531 0.046875
0 0.857910 0.533203 0.079102 0.134115
0 0.587402 0.483073 0.038086 0.052083
0 0.986816 0.470703 0.024414 0.032552
0 0.194824 0.486979 0.059570 0.067708
0 0.936523 0.494141 0.048828 0.087240
0 0.543945 0.475260 0.044922 0.059896
0 0.898438 0.451823 0.027344 0.028646
0 0.927246 0.448568 0.040039 0.042969
0 0.445312 0.447266 0.058594 0.045573
0 0.956055 0.432292 0.039062 0.028646
0 0.562500 0.438151 0.048828 0.045573
0 0.398926 0.454427 0.069336 0.078125
0 0.087402 0.485677 0.174805 0.151042
0 0.041016 0.410156 0.027344 0.026042
0 0.497559 0.467448 0.069336 0.156250
0 0.438965 0.407552 0.036133 0.052083
0 0.061035 0.412760 0.026367 0.062500
0 0.303711 0.446615 0.126953 0.138021
0 0.320312 0.406250 0.066406 0.059896
0 0.086426 0.386068 0.026367 0.042969
0 0.901367 0.380208 0.042969 0.036458
0 0.700684 0.378906 0.022461 0.049479
0 0.109375 0.376953 0.035156 0.050781
0 0.977539 0.380859 0.044922 0.061198
0 0.832520 0.469401 0.102539 0.246094
0 0.763184 0.359375 0.018555 0.041667
0 0.226562 0.356120 0.039062 0.045573
0 0.647461 0.430339 0.126953 0.217448
0 0.172363 0.350260 0.055664 0.059896
0 0.985352 0.337891 0.029297 0.037760
0 0.535156 0.352214 0.095703 0.102865
0 0.254883 0.307943 0.027344 0.029948
0 0.879395 0.322917 0.057617 0.080729
0 0.941895 0.305990 0.036133 0.070312
0 0.107910 0.349609 0.122070 0.167969
0 0.913574 0.284505 0.032227 0.042969
0 0.854980 0.283854 0.030273 0.049479
0 0.138184 0.292969 0.065430 0.067708
0 0.757324 0.276042 0.020508 0.044271
0 0.727051 0.356771 0.081055 0.205729
0 0.458496 0.284505 0.030273 0.074219
0 0.794434 0.291016 0.047852 0.121094
0 0.088867 0.236979 0.039062 0.028646
0 0.130371 0.243490 0.049805 0.057292
0 0.518066 0.234375 0.055664 0.054688
0 0.795410 0.215495 0.028320 0.040365
0 0.938965 0.227214 0.083008 0.089844
0 0.735352 0.208984 0.035156 0.053385
0 0.981445 0.204427 0.037109 0.054688
0 0.345215 0.205078 0.030273 0.118490
0 0.199219 0.206380 0.126953 0.136719
0 0.370117 0.279948 0.212891 0.302083
0 0.132812 0.197266 0.130859 0.173177
0 0.147461 0.115885 0.023438 0.036458
0 0.167480 0.121094 0.028320 0.062500
0 0.361328 0.131510 0.019531 0.088542
0 0.130859 0.115885 0.058594 0.067708
0 0.849609 0.095052 0.019531 0.039062
0 0.670898 0.093750 0.033203 0.041667
0 0.629395 0.097656 0.049805 0.091146
0 0.368652 0.066406 0.024414 0.049479
0 0.338867 0.072917 0.029297 0.062500
0 0.289062 0.083333 0.037109 0.083333
0 0.805176 0.119792 0.219727 0.239583
0 0.683105 0.041016 0.049805 0.082031
0 0.557129 0.179036 0.262695 0.358073