0 0.969238 0.964844 0.055664 0.057292
0 0.975098 0.922526 0.041992 0.048177
0 0.448730 0.931641 0.243164 0.071615
0 0.293457 0.883464 0.028320 0.022135
0 0.833008 0.880859 0.037109 0.048177
0 0.097168 0.861979 0.026367 0.023438
0 0.809082 0.862630 0.020508 0.032552
0 0.979004 0.851562 0.038086 0.044271
0 0.027344 0.831380 0.054688 0.058594
0 0.028809 0.805339 0.024414 0.024740
0 0.845703 0.814453 0.027344 0.045573
0 0.899414 0.826172 0.074219 0.092448
0 0.136719 0.789714 0.048828 0.037760
0 0.978027 0.797526 0.043945 0.074219
0 0.041504 0.773438 0.022461 0.039062
0 0.097656 0.798828 0.044922 0.110677
0 0.936523 0.767578 0.048828 0.071615
0 0.012207 0.743490 0.024414 0.052083
0 0.069336 0.733073 0.039062 0.033854
0 0.847656 0.734375 0.113281 0.088542
0 0.756348 0.734375 0.086914 0.088542
0 0.767090 0.678385 0.034180 0.023438
0 0.873047 0.694661 0.148438 0.069010
0 0.955566 0.698568 0.069336 0.084635
0 0.821777 0.649740 0.034180 0.026042
0 0.928223 0.641927 0.038086 0.044271
0 0.009277 0.626302 0.018555 0.036458
0 0.034668 0.582031 0.043945 0.039062
0 0.979492 0.562500 0.039062 0.023438
0 0.056641 0.525391 0.029297 0.037760
0 0.129883 0.490234 0.021484 0.035156
0 0.080566 0.502604 0.083008 0.072917
0 0.200195 0.469401 0.037109 0.022135
0 0.500977 0.474609 0.033203 0.066406
0 0.163086 0.429688 0.056641 0.033854
0 0.022461 0.473307 0.044922 0.121094
0 0.105957 0.433594 0.043945 0.054688
0 0.341309 0.354167 0.049805 0.044271
0 0.386230 0.246094 0.036133 0.036458
0 0.260742 0.255859 0.042969 0.061198
0 0.506348 0.235677 0.069336 0.036458
0 0.567871 0.233073 0.057617 0.039062
0 0.753906 0.176432 0.029297 0.048177
0 0.672852 0.160156 0.041016 0.018229
0 0.992188 0.169271 0.015625 0.049479
0 0.844238 0.123698 0.030273 0.046875
0 0.500000 0.538411 1.000000 0.920573
0 0.743164 0.103516 0.048828 0.055990
0 0.725098 0.077474 0.020508 0.037760
0 0.604004 0.091146 0.028320 0.070312
0 0.759766 0.065104 0.099609 0.046875
0 0.692871 0.074219 0.034180 0.065104
0 0.984375 0.056641 0.031250 0.032552
0 0.807617 0.019531 0.093750 0.039062
0 0.422363 0.102865 0.528320 0.205729