0 0.324219 0.955729 0.093750 0.023438
0 0.437500 0.940104 0.072266 0.054688
0 0.377441 0.927734 0.071289 0.063802
0 0.232422 0.906250 0.052734 0.020833
0 0.088379 0.900391 0.038086 0.037760
0 0.946289 0.882812 0.033203 0.036458
0 0.879883 0.879557 0.019531 0.032552
0 0.365234 0.869792 0.109375 0.049479
0 0.272949 0.869792 0.106445 0.049479
0 0.566895 0.856771 0.020508 0.031250
0 0.637695 0.858073 0.044922 0.044271
0 0.836426 0.854818 0.038086 0.048177
0 0.531250 0.834635 0.035156 0.046875
0 0.202637 0.819010 0.051758 0.026042
0 0.829590 0.792318 0.038086 0.027344
0 0.265625 0.764974 0.033203 0.032552
0 0.735352 0.763021 0.031250 0.044271
0 0.431641 0.742188 0.031250 0.041667
0 0.330078 0.710286 0.023438 0.035156
0 0.015625 0.718750 0.031250 0.052083
0 0.297363 0.692708 0.028320 0.031250
0 0.629395 0.656250 0.030273 0.046875
0 0.081055 0.633464 0.031250 0.035156
0 0.714355 0.631510 0.034180 0.036458
0 0.250977 0.641276 0.064453 0.058594
0 0.807617 0.616536 0.039062 0.024740
0 0.830566 0.595052 0.036133 0.036458
0 0.425293 0.603516 0.043945 0.055990
0 0.508301 0.588542 0.043945 0.031250
0 0.231445 0.597005 0.060547 0.048177
0 0.618652 0.565104 0.034180 0.026042
0 0.030273 0.582682 0.050781 0.063802
0 0.565918 0.563151 0.071289 0.037760
0 0.089355 0.559896 0.028320 0.041667
0 0.052734 0.542318 0.033203 0.040365
0 0.569824 0.521484 0.081055 0.042969
0 0.947754 0.653646 0.104492 0.325521
0 0.408203 0.498047 0.042969 0.035156
0 0.543945 0.493490 0.041016 0.031250
0 0.677246 0.508464 0.079102 0.063802
0 0.151855 0.488281 0.024414 0.033854
0 0.098145 0.475260 0.059570 0.057292
0 0.987793 0.451823 0.024414 0.080729
0 0.376465 0.427734 0.055664 0.035156
0 0.673828 0.434245 0.046875 0.053385
0 0.718262 0.427083 0.016602 0.049479
0 0.055664 0.466797 0.111328 0.128906
0 0.571289 0.414062 0.076172 0.039062
0 0.763672 0.406901 0.062500 0.055990
0 0.597168 0.395182 0.049805 0.050781
0 0.394043 0.392578 0.010742 0.050781
0 0.670410 0.386068 0.065430 0.048177
0 0.479980 0.434896 0.120117 0.158854
0 0.619141 0.365234 0.039062 0.032552
0 0.258789 0.354167 0.015625 0.052083
0 0.039062 0.369792 0.078125 0.085938
0 0.199219 0.332031 0.021484 0.057292
0 0.198242 0.597656 0.396484 0.593750
0 0.334961 0.308594 0.039062 0.036458
0 0.418457 0.341797 0.049805 0.108073
0 0.787598 0.303385 0.026367 0.036458
0 0.863281 0.403646 0.250000 0.247396
0 0.156250 0.291016 0.031250 0.045573
0 0.807129 0.275391 0.036133 0.040365
0 0.773926 0.270833 0.040039 0.033854
0 0.223145 0.303385 0.024414 0.098958
0 0.027832 0.291667 0.055664 0.078125
0 0.503418 0.298177 0.094727 0.093750
0 0.096680 0.307943 0.066406 0.126302
0 0.884277 0.270182 0.038086 0.063802
0 0.312500 0.263021 0.054688 0.057292
0 0.437012 0.244792 0.040039 0.028646
0 0.398926 0.258464 0.047852 0.071615
0 0.109863 0.238281 0.030273 0.049479
0 0.267090 0.257161 0.047852 0.089844
0 0.415039 0.220703 0.025391 0.027344
0 0.709961 0.244792 0.052734 0.085938
0 0.756348 0.266276 0.067383 0.144531
0 0.604980 0.214193 0.036133 0.053385
0 0.533691 0.218750 0.073242 0.062500
0 0.953613 0.267578 0.092773 0.162760
0 0.156738 0.235677 0.040039 0.104167
0 0.336426 0.209635 0.053711 0.054688
0 0.812988 0.192057 0.024414 0.027344
0 0.390137 0.192708 0.038086 0.044271
0 0.486816 0.185547 0.063477 0.040365
0 0.670410 0.229167 0.079102 0.143229
0 0.439941 0.192057 0.028320 0.069010
0 0.304688 0.181641 0.025391 0.071615
0 0.751953 0.173177 0.099609 0.065104
0 0.793945 0.154297 0.041016 0.037760
0 0.546387 0.156250 0.041992 0.046875
0 0.644531 0.159505 0.042969 0.063802
0 0.196777 0.134115 0.016602 0.036458
0 0.581055 0.130859 0.037109 0.032552
0 0.778320 0.121745 0.033203 0.037760
0 0.177734 0.108724 0.025391 0.027344
0 0.562012 0.111979 0.034180 0.039062
0 0.468750 0.107422 0.039062 0.029948
0 0.387695 0.110026 0.042969 0.035156
0 0.137695 0.131510 0.076172 0.098958
0 0.046387 0.175781 0.092773 0.187500
0 0.827637 0.116536 0.063477 0.076823
0 0.814941 0.089193 0.036133 0.029948
0 0.992188 0.091146 0.015625 0.080729
0 0.266113 0.143229 0.155273 0.184896
0 0.451660 0.055990 0.040039 0.018229
0 0.757324 0.079427 0.057617 0.075521
0 0.234375 0.083333 0.041016 0.085938
0 0.574707 0.040365 0.028320 0.033854
0 0.832031 0.009766 0.039062 0.019531
0 0.779785 0.018880 0.036133 0.037760
0 0.609375 0.018229 0.068359 0.036458