0 0.983398 0.987630 0.033203 0.022135
0 0.751465 0.979818 0.036133 0.037760
0 0.984375 0.964844 0.031250 0.028646
0 0.555664 0.940755 0.029297 0.027344
0 0.747070 0.936198 0.027344 0.031250
0 0.852051 0.953776 0.065430 0.089844
0 0.930664 0.938802 0.072266 0.075521
0 0.292969 0.928385 0.078125 0.065104
0 0.816895 0.912760 0.016602 0.039062
0 0.165039 0.930339 0.244141 0.074219
0 0.973633 0.908854 0.042969 0.046875
0 0.084961 0.892578 0.048828 0.035156
0 0.933594 0.886068 0.025391 0.029948
0 0.790039 0.873047 0.025391 0.032552
0 0.913574 0.871745 0.024414 0.032552
0 0.874023 0.881510 0.042969 0.052083
0 0.982422 0.837891 0.027344 0.042969
0 0.889160 0.839193 0.065430 0.045573
0 0.832031 0.832682 0.031250 0.035156
0 0.726562 0.818359 0.044922 0.029948
0 0.017578 0.808594 0.035156 0.020833
0 0.763184 0.822266 0.038086 0.069010
0 0.049316 0.814453 0.079102 0.055990
0 0.109375 0.795573 0.044922 0.036458
0 0.082031 0.785807 0.023438 0.024740
0 0.335449 0.785156 0.051758 0.049479
0 0.155273 0.775391 0.046875 0.032552
0 0.022461 0.722656 0.039062 0.078125
0 0.154785 0.660156 0.045898 0.033854
0 0.253418 0.680990 0.106445 0.106771
0 0.779297 0.620443 0.039062 0.055990
0 0.202637 0.652344 0.088867 0.119792
0 0.272949 0.599609 0.028320 0.035156
0 0.516602 0.783854 0.966797 0.429688
0 0.741211 0.578125 0.037109 0.039062
0 0.495117 0.570312 0.025391 0.028646
0 0.008789 0.570964 0.017578 0.035156
0 0.039062 0.564453 0.023438 0.035156
0 0.089355 0.546875 0.043945 0.044271
0 0.376953 0.528646 0.031250 0.033854
0 0.498047 0.527344 0.072266 0.039062
0 0.042480 0.490234 0.036133 0.029948
0 0.582520 0.477865 0.036133 0.049479
0 0.840332 0.442708 0.038086 0.044271
0 0.340332 0.418620 0.053711 0.035156
0 0.259277 0.445964 0.229492 0.131510
0 0.625000 0.344401 0.042969 0.029948
0 0.500977 0.396484 0.177734 0.212240
0 0.824219 0.296875 0.042969 0.049479
0 0.778320 0.288411 0.054688 0.032552
0 0.844238 0.285156 0.022461 0.044271
0 0.914551 0.292318 0.026367 0.071615
0 0.940430 0.414062 0.119141 0.320312
0 0.814453 0.242188 0.027344 0.039062
0 0.893555 0.229818 0.070312 0.095052
0 0.727051 0.180990 0.032227 0.031250
0 0.969727 0.200521 0.060547 0.083333
0 0.682129 0.366536 0.383789 0.436198
0 0.836914 0.151042 0.044922 0.041667
0 0.992188 0.131510 0.015625 0.026042
0 0.115723 0.250651 0.231445 0.269531
0 0.699707 0.143880 0.049805 0.074219
0 0.403809 0.153646 0.108398 0.122396
0 0.029785 0.102865 0.059570 0.041667
0 0.310547 0.222656 0.240234 0.291667
0 0.773926 0.104818 0.073242 0.102865
0 0.610840 0.109375 0.112305 0.111979
0 0.708496 0.072917 0.034180 0.057292
0 0.457031 0.095703 0.175781 0.108073
0 0.293945 0.063802 0.054688 0.044271
0 0.256348 0.058594 0.028320 0.033854
0 0.782715 0.012370 0.041992 0.024740
0 0.536133 0.032552 0.054688 0.065104