0 0.885254 0.978516 0.045898 0.040365
0 0.752441 0.957031 0.102539 0.083333
0 0.899414 0.921875 0.201172 0.127604
0 0.342285 0.869792 0.036133 0.031250
0 0.299805 0.838542 0.042969 0.028646
0 0.447266 0.820964 0.029297 0.035156
0 0.685547 0.818359 0.058594 0.063802
0 0.612305 0.886719 0.111328 0.200521
0 0.362305 0.804036 0.037109 0.035156
0 0.541016 0.788411 0.029297 0.040365
0 0.717773 0.771484 0.046875 0.032552
0 0.465820 0.759115 0.039062 0.028646
0 0.194824 0.749349 0.051758 0.035156
0 0.861816 0.761719 0.276367 0.091146
0 0.405762 0.592448 0.034180 0.028646
0 0.696289 0.577474 0.035156 0.027344
0 0.586426 0.529297 0.038086 0.024740
0 0.435547 0.527344 0.029297 0.031250
0 0.357422 0.519531 0.048828 0.049479
0 0.453125 0.503255 0.033203 0.037760
0 0.641113 0.498698 0.032227 0.031250
0 0.366211 0.446615 0.031250 0.031250
0 0.682129 0.440755 0.041992 0.022135
0 0.992676 0.453125 0.014648 0.052083
0 0.157715 0.624349 0.315430 0.430990
0 0.093750 0.404948 0.060547 0.033854
0 0.589355 0.396484 0.053711 0.027344
0 0.513184 0.451823 0.100586 0.169271
0 0.721191 0.386068 0.032227 0.042969
0 0.790527 0.364583 0.014648 0.033854
0 0.982910 0.386719 0.034180 0.080729
0 0.682617 0.385417 0.080078 0.109375
0 0.781738 0.424479 0.108398 0.192708
0 0.519043 0.322917 0.024414 0.036458
0 0.491699 0.331380 0.030273 0.063802
0 0.020508 0.348307 0.041016 0.100260
0 0.453125 0.309896 0.025391 0.036458
0 0.073242 0.322266 0.068359 0.102865
0 0.759277 0.281901 0.028320 0.024740
0 0.619629 0.285807 0.071289 0.045573
0 0.724609 0.309245 0.175781 0.118490
0 0.671875 0.259766 0.035156 0.027344
0 0.757324 0.259115 0.034180 0.033854
0 0.590820 0.257161 0.025391 0.040365
0 0.621582 0.240885 0.016602 0.033854
0 0.816895 0.250651 0.040039 0.055990
0 0.533203 0.208333 0.027344 0.031250
0 0.742676 0.204427 0.043945 0.046875
0 0.653320 0.181641 0.058594 0.032552
0 0.680176 0.205729 0.061523 0.091146
0 0.839844 0.182943 0.062500 0.084635
0 0.611816 0.164714 0.030273 0.061198
0 0.571777 0.185547 0.110352 0.115885
0 0.784668 0.167318 0.036133 0.084635
0 0.679199 0.134766 0.038086 0.063802
0 0.505371 0.115885 0.030273 0.046875
0 0.119629 0.180339 0.100586 0.196615
0 0.028809 0.130208 0.057617 0.098958
0 0.939453 0.072917 0.029297 0.033854
0 0.920410 0.232422 0.159180 0.365885
0 0.692383 0.075521 0.054688 0.065104
0 0.774414 0.096354 0.173828 0.182292
0 0.919434 0.029948 0.045898 0.059896
0 0.616211 0.072917 0.142578 0.145833
0 0.406738 0.263672 0.315430 0.527344