0 0.311035 0.950521 0.022461 0.033854
0 0.239258 0.921224 0.033203 0.037760
0 0.357422 0.916667 0.046875 0.039062
0 0.388672 0.879557 0.033203 0.029948
0 0.249023 0.865885 0.056641 0.057292
0 0.330566 0.842448 0.106445 0.093750
0 0.267578 0.814453 0.035156 0.048177
0 0.424316 0.757812 0.051758 0.033854
0 0.048828 0.735677 0.033203 0.031250
0 0.397461 0.675130 0.039062 0.040365
0 0.712402 0.634115 0.034180 0.044271
0 0.667969 0.488281 0.035156 0.028646
0 0.118164 0.404297 0.027344 0.029948
0 0.055176 0.436849 0.110352 0.128906
0 0.622559 0.311198 0.041992 0.049479
0 0.074707 0.240234 0.043945 0.045573
0 0.058594 0.219401 0.056641 0.055990
0 0.793457 0.593750 0.413086 0.809896
0 0.147949 0.177083 0.041992 0.033854
0 0.687012 0.174479 0.022461 0.036458
0 0.401855 0.147135 0.040039 0.039062
0 0.358398 0.161458 0.044922 0.080729
0 0.989746 0.149740 0.020508 0.091146
0 0.381348 0.104167 0.038086 0.036458
0 0.066895 0.146484 0.133789 0.128906
0 0.025391 0.093099 0.050781 0.024740
0 0.350586 0.414062 0.701172 0.690104
0 0.799316 0.076823 0.114258 0.067708
0 0.233398 0.290365 0.263672 0.497396
0 0.865234 0.010417 0.082031 0.020833
0 0.669922 0.031250 0.107422 0.062500