0 0.625488 0.986328 0.024414 0.022135
0 0.973633 0.966146 0.029297 0.036458
0 0.870117 0.945964 0.035156 0.071615
0 0.753906 0.929036 0.044922 0.058594
0 0.385742 0.914714 0.072266 0.037760
0 0.058594 0.909505 0.033203 0.027344
0 0.944824 0.913411 0.034180 0.066406
0 0.117188 0.899740 0.042969 0.049479
0 0.627930 0.888021 0.037109 0.046875
0 0.234863 0.877604 0.045898 0.033854
0 0.144043 0.872396 0.024414 0.044271
0 0.257812 0.861328 0.029297 0.035156
0 0.039551 0.845703 0.034180 0.035156
0 0.102539 0.848958 0.054688 0.049479
0 0.194824 0.844401 0.038086 0.042969
0 0.571289 0.841146 0.039062 0.041667
0 0.043457 0.820312 0.026367 0.026042
0 0.315430 0.817708 0.035156 0.031250
0 0.623535 0.804036 0.032227 0.027344
0 0.261719 0.827474 0.060547 0.076823
0 0.868652 0.796875 0.024414 0.023438
0 0.489746 0.802734 0.026367 0.035156
0 0.828125 0.860026 0.101562 0.152344
0 0.947266 0.800781 0.029297 0.036458
0 0.120605 0.784505 0.045898 0.040365
0 0.144043 0.796224 0.086914 0.071615
0 0.907715 0.787760 0.071289 0.093750
0 0.866699 0.755859 0.032227 0.029948
0 0.939941 0.731771 0.030273 0.026042
0 0.222656 0.720052 0.027344 0.026042
0 0.261230 0.722656 0.057617 0.033854
0 0.188965 0.746094 0.047852 0.080729
0 0.023438 0.722656 0.033203 0.033854
0 0.880371 0.710286 0.024414 0.029948
0 0.094727 0.736328 0.037109 0.087240
0 0.051270 0.704427 0.036133 0.028646
0 0.125977 0.708333 0.044922 0.044271
0 0.913574 0.701823 0.049805 0.052083
0 0.964844 0.691406 0.070312 0.065104
0 0.909180 0.664062 0.023438 0.036458
0 0.850098 0.683594 0.059570 0.078125
0 0.024414 0.646484 0.029297 0.035156
0 0.940918 0.637370 0.045898 0.040365
0 0.083008 0.641927 0.042969 0.062500
0 0.765625 0.623698 0.044922 0.039062
0 0.825195 0.595052 0.048828 0.052083
0 0.963867 0.608724 0.060547 0.082031
0 0.020508 0.572917 0.041016 0.036458
0 0.935547 0.553385 0.029297 0.026042
0 0.744629 0.552734 0.065430 0.027344
0 0.727051 0.675781 0.233398 0.276042
0 0.327148 0.690755 0.650391 0.407552
0 0.030762 0.502604 0.040039 0.033854
0 0.935547 0.508464 0.091797 0.074219
0 0.875488 0.473958 0.053711 0.033854
0 0.038086 0.464193 0.052734 0.032552
0 0.669434 0.496745 0.106445 0.110677
0 0.733398 0.466146 0.064453 0.052083
0 0.174805 0.453125 0.021484 0.041667
0 0.937988 0.436198 0.065430 0.054688
0 0.805664 0.417318 0.046875 0.035156
0 0.848633 0.416016 0.033203 0.045573
0 0.323730 0.438802 0.057617 0.096354
0 0.401855 0.393229 0.041992 0.026042
0 0.686035 0.419271 0.139648 0.093750
0 0.916016 0.378255 0.033203 0.040365
0 0.201660 0.387370 0.043945 0.063802
0 0.883789 0.361328 0.023438 0.029948
0 0.285645 0.367188 0.040039 0.057292
0 0.813477 0.361979 0.062500 0.057292
0 0.284668 0.343750 0.040039 0.031250
0 0.978027 0.352214 0.028320 0.066406
0 0.852051 0.323568 0.040039 0.027344
0 0.723633 0.327474 0.041016 0.037760
0 0.918457 0.315104 0.040039 0.059896
0 0.831543 0.289714 0.036133 0.037760
0 0.029297 0.298828 0.058594 0.055990
0 0.132812 0.296224 0.035156 0.053385
0 0.093750 0.291016 0.029297 0.050781
0 0.910645 0.276042 0.034180 0.044271
0 0.103516 0.258464 0.054688 0.027344
0 0.978027 0.247396 0.043945 0.026042
0 0.126953 0.379557 0.253906 0.337240
0 0.889648 0.242839 0.037109 0.066406
0 0.969238 0.217448 0.034180 0.026042
0 0.844727 0.251953 0.054688 0.095052
0 0.448730 0.369141 0.188477 0.347656
0 0.029785 0.216146 0.059570 0.054688
0 0.029297 0.186849 0.041016 0.042969
0 0.303223 0.216797 0.090820 0.108073
0 0.843262 0.173177 0.053711 0.036458
0 0.053711 0.146484 0.042969 0.040365
0 0.769531 0.162109 0.027344 0.076823
0 0.338379 0.141927 0.051758 0.041667
0 0.080566 0.103516 0.040039 0.027344
0 0.153809 0.149089 0.125977 0.134115
0 0.841797 0.103516 0.037109 0.055990
0 0.744141 0.103516 0.056641 0.061198
0 0.815918 0.077474 0.032227 0.048177
0 0.703613 0.024089 0.020508 0.037760
0 0.607422 0.211589 0.269531 0.423177