0 0.016602 0.942057 0.025391 0.050781
0 0.367676 0.931641 0.153320 0.071615
0 0.007812 0.914062 0.015625 0.106771
0 0.231934 0.861328 0.024414 0.042969
0 0.237793 0.843750 0.041992 0.059896
0 0.524414 0.776693 0.041016 0.029948
0 0.155762 0.796875 0.034180 0.083333
0 0.627441 0.763021 0.024414 0.041667
0 0.274414 0.774740 0.023438 0.072917
0 0.189453 0.779297 0.064453 0.084635
0 0.520996 0.749349 0.028320 0.037760
0 0.964355 0.752604 0.032227 0.052083
0 0.920410 0.713542 0.022461 0.028646
0 0.267578 0.681641 0.033203 0.035156
0 0.429199 0.776693 0.204102 0.235677
0 0.917480 0.669922 0.043945 0.050781
0 0.673340 0.652995 0.038086 0.045573
0 0.706055 0.654948 0.023438 0.057292
0 0.598633 0.656250 0.140625 0.104167
0 0.289551 0.641276 0.061523 0.087240
0 0.923828 0.594401 0.152344 0.063802
0 0.914062 0.565755 0.035156 0.022135
0 0.831543 0.566406 0.032227 0.033854
0 0.958984 0.559245 0.035156 0.045573
0 0.976074 0.548177 0.047852 0.049479
0 0.441406 0.546875 0.066406 0.057292
0 0.864258 0.508464 0.166016 0.042969
0 0.147949 0.659505 0.295898 0.430990
0 0.229492 0.473958 0.052734 0.080729
0 0.352051 0.544271 0.153320 0.223958
0 0.141602 0.428385 0.076172 0.028646
0 0.581055 0.414062 0.039062 0.075521
0 0.207520 0.405599 0.059570 0.066406
0 0.211426 0.357422 0.057617 0.082031
0 0.869629 0.300781 0.049805 0.083333
0 0.392578 0.250651 0.035156 0.032552
0 0.959961 0.229818 0.041016 0.037760
0 0.282227 0.216146 0.023438 0.031250
0 0.313965 0.207031 0.038086 0.026042
0 0.173828 0.230469 0.060547 0.083333
0 0.271973 0.315755 0.137695 0.259115
0 0.113770 0.316406 0.223633 0.286458
0 0.060059 0.177734 0.043945 0.024740
0 0.983887 0.196615 0.032227 0.072917
0 0.781738 0.213542 0.172852 0.179688
0 0.568359 0.160807 0.019531 0.076823
0 0.149902 0.151042 0.081055 0.070312
0 0.392578 0.103516 0.041016 0.027344
0 0.157715 0.120443 0.061523 0.071615
0 0.061523 0.120443 0.082031 0.076823
0 0.815918 0.102214 0.016602 0.042969
0 0.021973 0.123047 0.043945 0.084635
0 0.403809 0.072917 0.040039 0.054688
0 0.777344 0.096354 0.031250 0.106771
0 0.331543 0.113932 0.116211 0.144531
0 0.981934 0.030599 0.036133 0.061198
0 0.817871 0.009766 0.032227 0.019531
0 0.609375 0.319661 0.494141 0.639323
0 0.228516 0.099609 0.117188 0.199219