0 0.718262 0.985677 0.036133 0.026042
0 0.639160 0.985677 0.040039 0.026042
0 0.673828 0.981120 0.023438 0.027344
0 0.034180 0.957682 0.060547 0.019531
0 0.979980 0.964844 0.040039 0.067708
0 0.780273 0.962891 0.097656 0.071615
0 0.872070 0.956380 0.136719 0.084635
0 0.926270 0.920573 0.030273 0.044271
0 0.039062 0.918620 0.031250 0.045573
0 0.745605 0.856120 0.032227 0.027344
0 0.526367 0.865234 0.054688 0.048177
0 0.768555 0.882161 0.261719 0.095052
0 0.612305 0.854167 0.041016 0.039062
0 0.950195 0.865234 0.099609 0.128906
0 0.971191 0.810547 0.024414 0.035156
0 0.628418 0.792318 0.026367 0.035156
0 0.972656 0.780599 0.037109 0.024740
0 0.686523 0.780599 0.039062 0.050781
0 0.871094 0.788411 0.109375 0.097656
0 0.769043 0.792318 0.116211 0.105469
0 0.580078 0.763672 0.039062 0.048177
0 0.617676 0.726562 0.110352 0.119792
0 0.960938 0.689453 0.035156 0.087240
0 0.817383 0.654297 0.052734 0.032552
0 0.763184 0.641276 0.034180 0.042969
0 0.054199 0.614583 0.040039 0.036458
0 0.794922 0.619141 0.027344 0.050781
0 0.743164 0.610026 0.042969 0.035156
0 0.705078 0.606120 0.035156 0.032552
0 0.675293 0.645182 0.098633 0.126302
0 0.021484 0.595052 0.019531 0.039062
0 0.953125 0.596354 0.041016 0.044271
0 0.096680 0.580078 0.046875 0.048177
0 0.978516 0.567057 0.042969 0.035156
0 0.845215 0.602865 0.124023 0.148438
0 0.029785 0.541667 0.059570 0.067708
0 0.772949 0.514323 0.059570 0.041667
0 0.827637 0.506510 0.049805 0.054688
0 0.726074 0.492188 0.034180 0.041667
0 0.766113 0.479167 0.053711 0.036458
0 0.654785 0.469401 0.083008 0.040365
0 0.008301 0.436198 0.016602 0.033854
0 0.782227 0.432943 0.035156 0.058594
0 0.986328 0.416667 0.027344 0.033854
0 0.037109 0.431641 0.042969 0.066406
0 0.958984 0.412109 0.042969 0.055990
0 0.826660 0.406901 0.053711 0.066406
0 0.778320 0.389974 0.046875 0.050781
0 0.963379 0.363281 0.055664 0.052083
0 0.013672 0.348958 0.027344 0.049479
0 0.760742 0.343099 0.041016 0.045573
0 0.851074 0.334635 0.028320 0.044271
0 0.887207 0.326172 0.043945 0.042969
0 0.812988 0.315104 0.022461 0.023438
0 0.184082 0.308594 0.024414 0.031250
0 0.842285 0.304036 0.022461 0.042969
0 0.105469 0.358724 0.136719 0.186198
0 0.877441 0.285807 0.057617 0.045573
0 0.953613 0.274740 0.053711 0.028646
0 0.793945 0.260417 0.019531 0.028646
0 0.911133 0.237630 0.066406 0.048177
0 0.981934 0.235677 0.022461 0.052083
0 0.923340 0.206380 0.041992 0.037760
0 0.238281 0.289714 0.169922 0.214844
0 0.856934 0.175781 0.084961 0.054688
0 0.309570 0.180990 0.050781 0.065104
0 0.223145 0.128255 0.026367 0.040365
0 0.054199 0.190104 0.108398 0.216146
0 0.921875 0.112630 0.156250 0.225260
0 0.445801 0.485026 0.891602 0.970052