0 0.764648 0.988932 0.031250 0.019531
0 0.649902 0.984375 0.028320 0.028646
0 0.477051 0.931641 0.086914 0.071615
0 0.065430 0.931641 0.107422 0.071615
0 0.755371 0.913411 0.024414 0.045573
0 0.109863 0.902995 0.028320 0.040365
0 0.946777 0.893880 0.043945 0.040365
0 0.948242 0.859375 0.019531 0.031250
0 0.586426 0.869792 0.047852 0.057292
0 0.871582 0.847005 0.028320 0.032552
0 0.383301 0.841146 0.026367 0.039062
0 0.403809 0.837240 0.016602 0.039062
0 0.343750 0.855469 0.035156 0.078125
0 0.567383 0.826172 0.023438 0.024740
0 0.590820 0.817708 0.035156 0.044271
0 0.019043 0.829427 0.038086 0.091146
0 0.885254 0.774740 0.026367 0.049479
0 0.503906 0.774740 0.033203 0.049479
0 0.381348 0.756510 0.038086 0.041667
0 0.346191 0.733724 0.026367 0.037760
0 0.090332 0.715495 0.028320 0.040365
0 0.545410 0.720703 0.041992 0.058594
0 0.983398 0.699870 0.033203 0.029948
0 0.769531 0.683594 0.033203 0.033854
0 0.707031 0.704427 0.085938 0.093750
0 0.753418 0.666016 0.036133 0.027344
0 0.985352 0.656250 0.029297 0.023438
0 0.890625 0.650391 0.060547 0.048177
0 0.606934 0.640625 0.049805 0.065104
0 0.964355 0.626302 0.071289 0.041667
0 0.526367 0.594401 0.044922 0.040365
0 0.926758 0.588542 0.146484 0.044271
0 0.521484 0.574870 0.027344 0.042969
0 0.470703 0.494141 0.046875 0.029948
0 0.937012 0.438802 0.047852 0.028646
0 0.022949 0.436849 0.026367 0.037760
0 0.387207 0.427734 0.032227 0.042969
0 0.077637 0.348958 0.057617 0.044271
0 0.828125 0.276042 0.078125 0.117188
0 0.892578 0.224609 0.056641 0.066406
0 0.977051 0.208333 0.045898 0.039062
0 0.212891 0.233073 0.082031 0.161458
0 0.603516 0.117188 0.033203 0.059896
0 0.197754 0.110677 0.038086 0.057292
0 0.844238 0.093099 0.030273 0.035156
0 0.708008 0.075521 0.029297 0.039062
0 0.422363 0.055990 0.036133 0.028646
0 0.283691 0.468099 0.559570 0.852865
0 0.988281 0.047526 0.023438 0.082031
0 0.555176 0.016276 0.018555 0.029948
0 0.674316 0.098307 0.125977 0.196615
0 0.585938 0.029297 0.058594 0.058594
0 0.654785 0.326823 0.471680 0.653646