0 0.725098 0.923828 0.026367 0.024740
0 0.064941 0.862630 0.032227 0.024740
0 0.489746 0.819661 0.040039 0.035156
0 0.348145 0.817708 0.047852 0.059896
0 0.699707 0.768880 0.022461 0.042969
0 0.481934 0.750000 0.217773 0.072917
0 0.026855 0.725260 0.043945 0.031250
0 0.222168 0.719401 0.034180 0.040365
0 0.440918 0.665365 0.022461 0.039062
0 0.647461 0.651042 0.052734 0.052083
0 0.310547 0.627604 0.039062 0.026042
0 0.401855 0.613281 0.147461 0.052083
0 0.497070 0.607422 0.033203 0.045573
0 0.542480 0.605469 0.055664 0.046875
0 0.692871 0.599609 0.043945 0.037760
0 0.286621 0.594401 0.034180 0.037760
0 0.775391 0.591146 0.130859 0.057292
0 0.494141 0.560547 0.042969 0.029948
0 0.445312 0.561198 0.046875 0.036458
0 0.589844 0.559245 0.041016 0.037760
0 0.555176 0.511719 0.038086 0.028646
0 0.390625 0.494141 0.035156 0.037760
0 0.736328 0.459635 0.037109 0.039062
0 0.790527 0.458984 0.086914 0.048177
0 0.700684 0.460938 0.030273 0.052083
0 0.975098 0.430990 0.032227 0.039062
0 0.852539 0.409505 0.031250 0.045573
0 0.488770 0.468750 0.137695 0.169271
0 0.469727 0.331380 0.042969 0.024740
0 0.917480 0.326823 0.051758 0.054688
0 0.649414 0.235026 0.035156 0.037760
0 0.913574 0.259766 0.135742 0.121094
0 0.962402 0.205078 0.075195 0.042969
0 0.014160 0.177083 0.028320 0.080729
0 0.179688 0.125000 0.046875 0.085938
0 0.140137 0.103516 0.047852 0.042969
0 0.502930 0.076823 0.042969 0.054688
0 0.240234 0.343099 0.480469 0.602865
0 0.795410 0.126302 0.108398 0.200521
0 0.250488 0.108073 0.114258 0.200521
0 0.838867 0.012370 0.121094 0.024740
0 0.523438 0.031250 0.027344 0.062500