0 0.840820 0.988281 0.037109 0.020833
0 0.771484 0.981771 0.037109 0.033854
0 0.984375 0.966146 0.031250 0.046875
0 0.226074 0.955078 0.047852 0.024740
0 0.493164 0.947266 0.027344 0.040365
0 0.154297 0.947266 0.068359 0.040365
0 0.062012 0.945964 0.053711 0.042969
0 0.515137 0.936849 0.028320 0.035156
0 0.623047 0.957031 0.080078 0.083333
0 0.874512 0.934896 0.045898 0.046875
0 0.522949 0.919271 0.094727 0.046875
0 0.333008 0.923828 0.087891 0.055990
0 0.275879 0.924479 0.051758 0.057292
0 0.155762 0.914714 0.034180 0.037760
0 0.770996 0.899089 0.051758 0.066406
0 0.752930 0.862630 0.056641 0.024740
0 0.042969 0.860026 0.037109 0.029948
0 0.945801 0.911458 0.108398 0.140625
0 0.815918 0.862630 0.038086 0.063802
0 0.941406 0.839193 0.025391 0.050781
0 0.688477 0.862630 0.072266 0.110677
0 0.845215 0.816406 0.028320 0.028646
0 0.965820 0.798828 0.066406 0.037760
0 0.796875 0.804036 0.072266 0.050781
0 0.247070 0.776693 0.027344 0.035156
0 0.747070 0.788411 0.042969 0.076823
0 0.689941 0.761719 0.055664 0.023438
0 0.799316 0.762370 0.065430 0.040365
0 0.875977 0.783203 0.078125 0.100260
0 0.294434 0.756510 0.057617 0.052083
0 0.840820 0.721354 0.035156 0.041667
0 0.764648 0.692708 0.031250 0.023438
0 0.736816 0.702474 0.028320 0.048177
0 0.899414 0.689453 0.068359 0.032552
0 0.959473 0.697266 0.047852 0.063802
0 0.816406 0.694661 0.070312 0.069010
0 0.871094 0.673177 0.039062 0.028646
0 0.790527 0.666667 0.030273 0.039062
0 0.391602 0.630208 0.029297 0.039062
0 0.945312 0.626302 0.037109 0.057292
0 0.409668 0.603516 0.030273 0.024740
0 0.888184 0.629557 0.120117 0.095052
0 0.342773 0.596354 0.037109 0.041667
0 0.976562 0.616536 0.046875 0.084635
0 0.305664 0.590495 0.039062 0.032552
0 0.888672 0.557292 0.062500 0.044271
0 0.248047 0.520833 0.041016 0.031250
0 0.985840 0.522786 0.028320 0.071615
0 0.915527 0.515625 0.065430 0.059896
0 0.929688 0.445312 0.050781 0.041667
0 0.900879 0.434896 0.030273 0.044271
0 0.271973 0.416016 0.061523 0.037760
0 0.187500 0.382161 0.054688 0.037760
0 0.937012 0.387370 0.063477 0.061198
0 0.160645 0.367839 0.063477 0.048177
0 0.093750 0.378255 0.082031 0.108073
0 0.192871 0.572917 0.385742 0.497396
0 0.969238 0.340495 0.034180 0.035156
0 0.041016 0.330078 0.029297 0.027344
0 0.199707 0.316406 0.071289 0.033854
0 0.051758 0.306641 0.029297 0.029948
0 0.009766 0.288411 0.019531 0.024740
0 0.206055 0.284505 0.046875 0.042969
0 0.959961 0.286458 0.080078 0.067708
0 0.063477 0.245443 0.033203 0.037760
0 0.115723 0.271484 0.075195 0.100260
0 0.058105 0.212891 0.020508 0.037760
0 0.181641 0.178385 0.033203 0.044271
0 0.141113 0.198568 0.036133 0.092448
0 0.112793 0.153646 0.036133 0.033854
0 0.158203 0.145833 0.044922 0.031250
0 0.027832 0.139323 0.055664 0.067708
0 0.174316 0.119141 0.024414 0.029948
0 0.087402 0.108073 0.059570 0.052083
0 0.373047 0.321615 0.320312 0.559896
0 0.926270 0.009766 0.028320 0.019531
0 0.566895 0.454427 0.813477 0.908854