0 0.803223 0.983073 0.020508 0.031250
0 0.956543 0.969401 0.069336 0.058594
0 0.913574 0.925781 0.028320 0.036458
0 0.985840 0.930990 0.028320 0.049479
0 0.932617 0.810547 0.027344 0.037760
0 0.746094 0.877604 0.236328 0.242188
0 0.977539 0.785807 0.044922 0.123698
0 0.139648 0.769531 0.152344 0.104167
0 0.569824 0.694661 0.032227 0.019531
0 0.145996 0.703125 0.032227 0.062500
0 0.067871 0.686849 0.053711 0.050781
0 0.172363 0.677734 0.049805 0.079427
0 0.020508 0.665365 0.033203 0.054688
0 0.139648 0.648438 0.021484 0.041667
0 0.597168 0.641276 0.032227 0.040365
0 0.971191 0.642578 0.057617 0.053385
0 0.623535 0.752604 0.315430 0.283854
0 0.920898 0.625651 0.033203 0.037760
0 0.565430 0.613932 0.021484 0.032552
0 0.068359 0.610026 0.027344 0.045573
0 0.845215 0.630859 0.127930 0.092448
0 0.041504 0.593750 0.024414 0.057292
0 0.911133 0.544271 0.039062 0.031250
0 0.408203 0.548177 0.058594 0.039062
0 0.302246 0.535807 0.022461 0.024740
0 0.189941 0.576172 0.090820 0.113281
0 0.024902 0.551432 0.049805 0.069010
0 0.263672 0.533203 0.037109 0.037760
0 0.340820 0.507812 0.041016 0.036458
0 0.140625 0.490885 0.044922 0.031250
0 0.232910 0.471354 0.100586 0.083333
0 0.326660 0.444661 0.065430 0.061198
0 0.172852 0.428385 0.033203 0.031250
0 0.105957 0.458333 0.061523 0.109375
0 0.061523 0.412760 0.031250 0.039062
0 0.822754 0.408203 0.059570 0.048177
0 0.027832 0.427083 0.055664 0.098958
0 0.079102 0.399740 0.023438 0.052083
0 0.251465 0.402995 0.069336 0.069010
0 0.980957 0.384115 0.038086 0.052083
0 0.366699 0.382161 0.038086 0.050781
0 0.853516 0.359375 0.042969 0.039062
0 0.224121 0.363281 0.049805 0.065104
0 0.280273 0.352214 0.037109 0.055990
0 0.022461 0.356120 0.023438 0.071615
0 0.145996 0.359375 0.047852 0.083333
0 0.398926 0.333333 0.041992 0.039062
0 0.471680 0.434245 0.220703 0.246094
0 0.335449 0.333333 0.028320 0.049479
0 0.990723 0.329427 0.018555 0.072917
0 0.312500 0.305990 0.041016 0.033854
0 0.424316 0.308594 0.034180 0.062500
0 0.575684 0.315755 0.092773 0.092448
0 0.190918 0.291016 0.041992 0.053385
0 0.335449 0.275391 0.024414 0.035156
0 0.268066 0.297526 0.049805 0.084635
0 0.303711 0.270833 0.037109 0.039062
0 0.831543 0.306641 0.071289 0.134115
0 0.918945 0.317057 0.083984 0.157552
0 0.372559 0.276693 0.036133 0.092448
0 0.959473 0.270182 0.016602 0.082031
0 0.179199 0.221354 0.047852 0.054688
0 0.295898 0.222656 0.054688 0.067708
0 0.885742 0.268229 0.062500 0.184896
0 0.653320 0.238932 0.064453 0.188802
0 0.984375 0.211589 0.031250 0.170573
0 0.955078 0.236979 0.062500 0.270833
0 0.671387 0.166667 0.045898 0.148438
0 0.604004 0.191406 0.077148 0.197917
0 0.556641 0.184245 0.066406 0.183594
0 0.529297 0.166016 0.042969 0.147135
0 0.408203 0.117188 0.027344 0.049479
0 0.534668 0.246094 0.356445 0.307292
0 0.203613 0.155599 0.141602 0.147135
0 0.127930 0.146484 0.052734 0.128906
0 0.082031 0.193359 0.164062 0.225260
0 0.834961 0.149089 0.041016 0.147135
0 0.670410 0.078776 0.053711 0.024740
0 0.568359 0.078776 0.041016 0.024740
0 0.529785 0.078776 0.038086 0.024740
0 0.489746 0.078776 0.043945 0.024740
0 0.445312 0.078776 0.041016 0.024740
0 0.407227 0.078776 0.027344 0.024740
0 0.372070 0.078776 0.037109 0.024740
0 0.221191 0.096354 0.043945 0.062500
0 0.992188 0.100911 0.015625 0.089844
0 0.806641 0.097005 0.035156 0.100260
0 0.485840 0.053385 0.022461 0.023438
0 0.458496 0.053385 0.034180 0.023438
0 0.415527 0.053385 0.032227 0.023438
0 0.385742 0.053385 0.060547 0.023438
0 0.326172 0.053385 0.058594 0.023438
0 0.281738 0.124349 0.133789 0.186198
0 0.916504 0.080729 0.030273 0.101562
0 0.880859 0.103516 0.029297 0.147135
0 0.942871 0.041016 0.016602 0.071615
0 0.915039 0.021484 0.035156 0.042969
0 0.837402 0.011068 0.043945 0.022135
0 0.766602 0.178385 0.171875 0.356771
0 0.684082 0.032552 0.024414 0.065104
0 0.634766 0.032552 0.076172 0.065104
0 0.584961 0.032552 0.025391 0.065104
0 0.556152 0.032552 0.049805 0.065104
0 0.521973 0.032552 0.032227 0.065104