0 0.480469 0.958333 0.062500 0.018229
0 0.596191 0.960286 0.026367 0.045573
0 0.487305 0.938151 0.048828 0.027344
0 0.808105 0.932943 0.053711 0.029948
0 0.420410 0.925781 0.057617 0.059896
0 0.848145 0.908203 0.041992 0.035156
0 0.651855 0.898438 0.061523 0.054688
0 0.615723 0.923177 0.075195 0.117188
0 0.045410 0.859375 0.034180 0.031250
0 0.413086 0.865885 0.058594 0.057292
0 0.742676 0.860026 0.032227 0.063802
0 0.566895 0.836589 0.038086 0.040365
0 0.464355 0.848307 0.104492 0.071615
0 0.156738 0.825521 0.032227 0.036458
0 0.209473 0.802083 0.036133 0.036458
0 0.330566 0.786458 0.036133 0.031250
0 0.866699 0.871745 0.266602 0.214844
0 0.370605 0.780599 0.022461 0.035156
0 0.196289 0.785807 0.035156 0.048177
0 0.287109 0.770833 0.023438 0.041667
0 0.448242 0.769531 0.033203 0.054688
0 0.487793 0.755208 0.040039 0.054688
0 0.256348 0.746094 0.022461 0.036458
0 0.712891 0.738281 0.029297 0.023438
0 0.557129 0.751953 0.036133 0.050781
0 0.371094 0.738932 0.029297 0.035156
0 0.516113 0.738281 0.045898 0.052083
0 0.612793 0.709635 0.036133 0.033854
0 0.480469 0.718099 0.042969 0.053385
0 0.278809 0.708984 0.051758 0.053385
0 0.707031 0.695964 0.039062 0.042969
0 0.824707 0.681641 0.041992 0.048177
0 0.086914 0.672526 0.041016 0.042969
0 0.838867 0.667969 0.037109 0.065104
0 0.392090 0.682292 0.114258 0.096354
0 0.197754 0.632812 0.022461 0.036458
0 0.485352 0.641927 0.054688 0.065104
0 0.731445 0.650391 0.156250 0.134115
0 0.079102 0.606120 0.060547 0.069010
0 0.112793 0.579427 0.055664 0.039062
0 0.534668 0.619141 0.092773 0.126302
0 0.802734 0.583984 0.039062 0.066406
0 0.279297 0.560547 0.033203 0.022135
0 0.066895 0.561198 0.043945 0.054688
0 0.475586 0.541016 0.039062 0.048177
0 0.398438 0.604167 0.201172 0.177083
0 0.387695 0.565104 0.126953 0.122396
0 0.982910 0.523438 0.034180 0.070312
0 0.041992 0.638672 0.083984 0.337240
0 0.045410 0.463542 0.026367 0.046875
0 0.560059 0.460938 0.040039 0.054688
0 0.430176 0.459635 0.043945 0.054688
0 0.294922 0.432292 0.042969 0.039062
0 0.816406 0.434896 0.015625 0.072917
0 0.029785 0.451823 0.059570 0.143229
0 0.583496 0.396484 0.034180 0.040365
0 0.650879 0.382161 0.047852 0.040365
0 0.403320 0.406901 0.095703 0.089844
0 0.882324 0.496745 0.180664 0.292969
0 0.851562 0.389974 0.035156 0.079427
0 0.552734 0.373047 0.046875 0.053385
0 0.308594 0.386068 0.107422 0.087240
0 0.842773 0.330729 0.029297 0.039062
0 0.892578 0.359375 0.066406 0.104167
0 0.647949 0.322917 0.036133 0.044271
0 0.345703 0.327474 0.048828 0.063802
0 0.024414 0.342448 0.048828 0.132812
0 0.206543 0.276693 0.034180 0.019531
0 0.965332 0.283854 0.024414 0.041667
0 0.990723 0.280599 0.018555 0.040365
0 0.890625 0.280599 0.031250 0.055990
0 0.835449 0.278646 0.053711 0.062500
0 0.281250 0.265625 0.072266 0.044271
0 0.712891 0.430339 0.183594 0.376302
0 0.287109 0.304036 0.125000 0.128906
0 0.312500 0.249349 0.027344 0.035156
0 0.809082 0.251302 0.034180 0.057292
0 0.877441 0.242188 0.034180 0.046875
0 0.984375 0.231771 0.023438 0.033854
0 0.012695 0.240885 0.025391 0.085938
0 0.236328 0.216797 0.052734 0.050781
0 0.640137 0.194010 0.024414 0.033854
0 0.288574 0.192057 0.022461 0.032552
0 0.849121 0.216146 0.040039 0.088542
0 0.413574 0.225260 0.041992 0.135417
0 0.838379 0.186198 0.041992 0.075521
0 0.597168 0.167969 0.047852 0.059896
0 0.718262 0.204427 0.131836 0.177083
0 0.222168 0.161458 0.120117 0.125000
0 0.375977 0.117188 0.033203 0.062500
0 0.806152 0.063151 0.022461 0.027344
0 0.380859 0.077474 0.066406 0.071615
0 0.284668 0.092448 0.153320 0.104167
0 0.991211 0.055990 0.017578 0.057292
0 0.775391 0.045573 0.042969 0.083333
0 0.884277 0.009766 0.038086 0.019531
0 0.799316 0.024740 0.032227 0.049479
0 0.659668 0.019531 0.053711 0.039062
0 0.521973 0.265625 0.297852 0.531250