0 0.773438 0.983724 0.050781 0.029948
0 0.708984 0.974609 0.027344 0.048177
0 0.150391 0.957031 0.042969 0.020833
0 0.514160 0.955729 0.049805 0.023438
0 0.875488 0.955078 0.036133 0.079427
0 0.953125 0.921224 0.031250 0.032552
0 0.912109 0.925130 0.046875 0.040365
0 0.507324 0.916667 0.040039 0.041667
0 0.945312 0.902344 0.058594 0.039062
0 0.374023 0.863932 0.029297 0.040365
0 0.979980 0.819010 0.040039 0.036458
0 0.163086 0.813151 0.023438 0.050781
0 0.971680 0.803385 0.027344 0.036458
0 0.950684 0.769531 0.034180 0.052083
0 0.389160 0.752604 0.034180 0.044271
0 0.099609 0.811849 0.199219 0.165365
0 0.587891 0.716146 0.037109 0.026042
0 0.902832 0.703776 0.030273 0.042969
0 0.945312 0.705078 0.052734 0.066406
0 0.871582 0.668620 0.032227 0.048177
0 0.835449 0.658854 0.038086 0.049479
0 0.901855 0.645182 0.026367 0.035156
0 0.939941 0.622396 0.036133 0.052083
0 0.970703 0.615234 0.058594 0.042969
0 0.826660 0.598307 0.045898 0.032552
0 0.865234 0.604167 0.044922 0.052083
0 0.279785 0.591797 0.055664 0.029948
0 0.135254 0.593099 0.020508 0.032552
0 0.890625 0.551432 0.046875 0.063802
0 0.313965 0.452474 0.047852 0.037760
0 0.985840 0.472656 0.028320 0.080729
0 0.428223 0.432292 0.030273 0.026042
0 0.875977 0.428385 0.027344 0.039062
0 0.765137 0.424479 0.034180 0.044271
0 0.940430 0.425130 0.058594 0.055990
0 0.376465 0.410156 0.055664 0.044271
0 0.686035 0.395182 0.024414 0.027344
0 0.125488 0.391927 0.040039 0.039062
0 0.979004 0.378906 0.034180 0.039062
0 0.910645 0.375000 0.038086 0.054688
0 0.952148 0.314453 0.095703 0.092448
0 0.372559 0.277344 0.036133 0.057292
0 0.325684 0.257161 0.028320 0.032552
0 0.176270 0.347005 0.352539 0.227865
0 0.123047 0.231120 0.027344 0.032552
0 0.148438 0.223958 0.021484 0.033854
0 0.500000 0.225911 0.048828 0.042969
0 0.027832 0.216146 0.026367 0.059896
0 0.741699 0.175781 0.028320 0.028646
0 0.132324 0.182292 0.036133 0.049479
0 0.644531 0.568359 0.550781 0.855469
0 0.708984 0.155599 0.029297 0.042969
0 0.770996 0.154948 0.038086 0.054688
0 0.206543 0.179688 0.090820 0.104167
0 0.008301 0.177083 0.016602 0.119792
0 0.322266 0.134115 0.031250 0.046875
0 0.037598 0.139974 0.061523 0.076823
0 0.195801 0.119141 0.028320 0.042969
0 0.572266 0.134766 0.121094 0.084635
0 0.433594 0.159505 0.134766 0.134115
0 0.186035 0.095052 0.057617 0.026042
0 0.039551 0.093099 0.030273 0.022135
0 0.833496 0.115234 0.051758 0.071615
0 0.763184 0.104818 0.102539 0.092448
0 0.448730 0.053385 0.036133 0.023438
0 0.385742 0.053385 0.031250 0.023438
0 0.330078 0.053385 0.042969 0.023438
0 0.787109 0.052083 0.044922 0.031250
0 0.990234 0.113932 0.019531 0.157552
0 0.605469 0.049479 0.042969 0.031250
0 0.559082 0.049479 0.036133 0.031250
0 0.659668 0.046224 0.083008 0.037760
0 0.251465 0.072917 0.079102 0.130208
0 0.532715 0.027344 0.045898 0.041667
0 0.902344 0.009766 0.041016 0.019531