0 0.355957 0.953125 0.065430 0.028646
0 0.975098 0.953125 0.049805 0.065104
0 0.025879 0.934896 0.043945 0.033854
0 0.175781 0.919922 0.058594 0.048177
0 0.131348 0.906901 0.047852 0.029948
0 0.060059 0.858724 0.053711 0.032552
0 0.261230 0.832031 0.024414 0.031250
0 0.167969 0.851562 0.205078 0.085938
0 0.365723 0.777995 0.024414 0.048177
0 0.040527 0.805339 0.081055 0.110677
0 0.113281 0.742188 0.027344 0.041667
0 0.011230 0.759766 0.022461 0.082031
0 0.041504 0.726562 0.043945 0.052083
0 0.229492 0.764323 0.312500 0.260417
0 0.042969 0.667318 0.085938 0.069010
0 0.207031 0.646484 0.033203 0.037760
0 0.184082 0.550781 0.028320 0.033854
0 0.891113 0.524089 0.028320 0.042969
0 0.639648 0.485026 0.029297 0.032552
0 0.127930 0.437500 0.052734 0.023438
0 0.279297 0.433594 0.029297 0.033854
0 0.912109 0.430339 0.037109 0.042969
0 0.347656 0.392578 0.041016 0.027344
0 0.499512 0.420573 0.057617 0.096354
0 0.156250 0.380859 0.044922 0.061198
0 0.830078 0.619141 0.339844 0.759115
0 0.791016 0.300781 0.054688 0.135417
0 0.843262 0.268229 0.059570 0.072917
0 0.593262 0.233073 0.032227 0.020833
0 0.169434 0.244141 0.014648 0.042969
0 0.380859 0.245443 0.035156 0.055990
0 0.195312 0.332682 0.390625 0.253906
0 0.798340 0.228516 0.045898 0.048177
0 0.839355 0.208333 0.045898 0.015625
0 0.162598 0.223307 0.024414 0.058594
0 0.900391 0.222656 0.082031 0.067708
0 0.962891 0.211589 0.056641 0.050781
0 0.018066 0.200521 0.036133 0.059896
0 0.331543 0.190104 0.026367 0.044271
0 0.447266 0.199870 0.068359 0.079427
0 0.056641 0.192708 0.039062 0.065104
0 0.620605 0.570964 0.321289 0.855469
0 0.694336 0.163411 0.031250 0.050781
0 0.382324 0.150391 0.020508 0.037760
0 0.992188 0.128906 0.015625 0.044271
0 0.831055 0.148438 0.060547 0.101562
0 0.159180 0.117188 0.023438 0.044271
0 0.668457 0.115234 0.071289 0.045573
0 0.494141 0.213542 0.177734 0.242188
0 0.299805 0.115885 0.064453 0.046875
0 0.190430 0.107422 0.035156 0.050781
0 0.097656 0.142578 0.101562 0.121094
0 0.014648 0.100911 0.029297 0.040365
0 0.211914 0.095703 0.031250 0.032552
0 0.223145 0.137370 0.155273 0.128906
0 0.732910 0.056641 0.030273 0.027344
0 0.414551 0.053385 0.057617 0.023438
0 0.374023 0.053385 0.025391 0.023438
0 0.568359 0.041016 0.017578 0.037760
0 0.593750 0.038411 0.019531 0.042969
0 0.515625 0.033854 0.091797 0.062500
0 0.977051 0.013672 0.045898 0.027344
0 0.793945 0.026042 0.064453 0.052083
0 0.668457 0.022786 0.036133 0.045573