0 0.726562 0.992188 0.037109 0.013021
0 0.764648 0.982422 0.050781 0.032552
0 0.416992 0.955078 0.095703 0.024740
0 0.489258 0.954427 0.025391 0.026042
0 0.454590 0.934896 0.038086 0.028646
0 0.339844 0.911458 0.027344 0.031250
0 0.569824 0.872396 0.034180 0.026042
0 0.174316 0.864583 0.034180 0.036458
0 0.044922 0.857422 0.089844 0.037760
0 0.142090 0.848958 0.032227 0.044271
0 0.601074 0.791016 0.043945 0.027344
0 0.158691 0.751953 0.069336 0.045573
0 0.624023 0.749349 0.019531 0.048177
0 0.698242 0.740234 0.025391 0.042969
0 0.395508 0.630859 0.042969 0.037760
0 0.158203 0.584635 0.052734 0.044271
0 0.408203 0.563802 0.039062 0.036458
0 0.352539 0.396484 0.029297 0.024740
0 0.370117 0.356120 0.023438 0.042969
0 0.408691 0.348307 0.038086 0.042969
0 0.279785 0.332031 0.049805 0.031250
0 0.989258 0.337891 0.021484 0.045573
0 0.921387 0.651693 0.157227 0.694010
0 0.355957 0.307943 0.049805 0.152344
0 0.432617 0.229818 0.031250 0.032552
0 0.497559 0.227214 0.020508 0.035156
0 0.387207 0.220703 0.024414 0.042969
0 0.393555 0.185547 0.041016 0.055990
0 0.354004 0.190104 0.041992 0.080729
0 0.102539 0.154297 0.029297 0.053385
0 0.281738 0.151693 0.061523 0.097656
0 0.406250 0.121745 0.042969 0.058594
0 0.192871 0.488281 0.385742 0.812500
0 0.419434 0.053385 0.073242 0.023438
0 0.901855 0.093750 0.081055 0.114583
0 0.694336 0.516276 0.574219 0.964844
0 0.692383 0.044271 0.082031 0.041667
0 0.517578 0.043620 0.029297 0.042969
0 0.781250 0.024089 0.039062 0.032552
0 0.637207 0.024740 0.030273 0.036458
0 0.895508 0.083333 0.208984 0.166667