0 0.382812 0.933594 0.064453 0.036458
0 0.406250 0.922526 0.095703 0.037760
0 0.441406 0.921224 0.048828 0.050781
0 0.400879 0.874349 0.069336 0.040365
0 0.411621 0.869141 0.063477 0.050781
0 0.417969 0.860677 0.111328 0.067708
0 0.356934 0.805990 0.036133 0.033854
0 0.586914 0.763672 0.070312 0.058594
0 0.462402 0.542318 0.041992 0.014323
0 0.505859 0.543620 0.037109 0.076823
0 0.555664 0.441406 0.039062 0.067708
0 0.468750 0.447917 0.132812 0.127604
0 0.442383 0.381510 0.015625 0.023438
0 0.572266 0.330729 0.025391 0.020833
0 0.367188 0.242839 0.033203 0.040365