0 0.753906 0.975911 0.029297 0.045573
0 0.934570 0.959635 0.033203 0.052083
0 0.800293 0.936198 0.036133 0.020833
0 0.828613 0.957682 0.038086 0.082031
0 0.991211 0.932292 0.017578 0.036458
0 0.666992 0.932943 0.013672 0.040365
0 0.691406 0.930990 0.023438 0.065104
0 0.743652 0.947266 0.041992 0.102865
0 0.720215 0.918620 0.032227 0.048177
0 0.860840 0.940755 0.045898 0.095052
0 0.790039 0.896484 0.035156 0.040365
0 0.868652 0.876302 0.045898 0.046875
0 0.971191 0.882812 0.040039 0.070312
0 0.238281 0.862630 0.037109 0.045573
0 0.036133 0.856120 0.023438 0.037760
0 0.266113 0.844401 0.043945 0.061198
0 0.121094 0.824219 0.031250 0.036458
0 0.215820 0.828776 0.025391 0.061198
0 0.191406 0.817708 0.039062 0.054688
0 0.855957 0.803385 0.030273 0.028646
0 0.901855 0.823568 0.032227 0.076823
0 0.798828 0.805339 0.042969 0.050781
0 0.551270 0.797526 0.020508 0.035156
0 0.350098 0.833333 0.059570 0.106771
0 0.137695 0.795573 0.019531 0.036458
0 0.984863 0.804036 0.030273 0.058594
0 0.156738 0.794922 0.020508 0.040365
0 0.289551 0.802083 0.028320 0.059896
0 0.585449 0.809896 0.065430 0.078125
0 0.454590 0.828125 0.137695 0.132812
0 0.250000 0.785156 0.056641 0.046875
0 0.649414 0.863932 0.287109 0.207031
0 0.204102 0.773438 0.041016 0.041667
0 0.791992 0.757812 0.037109 0.031250
0 0.711426 0.749349 0.022461 0.022135
0 0.529297 0.761719 0.042969 0.046875
0 0.331543 0.764974 0.047852 0.069010
0 0.441406 0.743490 0.037109 0.036458
0 0.012207 0.750651 0.024414 0.053385
0 0.733887 0.742839 0.030273 0.055990
0 0.361816 0.741536 0.026367 0.055990
0 0.243652 0.735026 0.040039 0.045573
0 0.185059 0.728516 0.022461 0.037760
0 0.101562 0.768880 0.166016 0.131510
0 0.864258 0.722656 0.041016 0.062500
0 0.669434 0.720052 0.049805 0.057292
0 0.584473 0.729818 0.041992 0.076823
0 0.328125 0.704427 0.029297 0.039062
0 0.922852 0.706380 0.060547 0.045573
0 0.276367 0.705729 0.025391 0.054688
0 0.158691 0.686198 0.024414 0.033854
0 0.426270 0.695964 0.047852 0.058594
0 0.712402 0.688151 0.024414 0.045573
0 0.466797 0.699219 0.037109 0.067708
0 0.018066 0.694661 0.036133 0.058594
0 0.973145 0.681641 0.051758 0.035156
0 0.777832 0.703125 0.071289 0.083333
0 0.638184 0.682943 0.030273 0.045573
0 0.098145 0.681641 0.043945 0.045573
0 0.346191 0.671224 0.026367 0.032552
0 0.829102 0.673828 0.041016 0.040365
0 0.177734 0.658203 0.017578 0.042969
0 0.540039 0.639974 0.025391 0.022135
0 0.142090 0.645182 0.028320 0.040365
0 0.076172 0.639974 0.021484 0.029948
0 0.872559 0.641276 0.041992 0.035156
0 0.517090 0.643229 0.028320 0.039062
0 0.266602 0.643229 0.031250 0.039062
0 0.225098 0.672526 0.073242 0.097656
0 0.311523 0.648438 0.042969 0.057292
0 0.675293 0.638672 0.040039 0.053385
0 0.360352 0.625651 0.046875 0.045573
0 0.026367 0.621745 0.052734 0.055990
0 0.298340 0.600911 0.038086 0.035156
0 0.628418 0.587891 0.045898 0.016927
0 0.350586 0.593099 0.042969 0.027344
0 0.447266 0.607422 0.097656 0.066406
0 0.111328 0.602214 0.035156 0.061198
0 0.175293 0.594401 0.088867 0.058594
0 0.866211 0.567708 0.027344 0.018229
0 0.958984 0.582031 0.041016 0.057292
0 0.927246 0.597005 0.055664 0.100260
0 0.152344 0.563802 0.050781 0.033854
0 0.222168 0.545573 0.038086 0.033854
0 0.115723 0.544922 0.047852 0.032552
0 0.057617 0.550130 0.072266 0.066406
0 0.010742 0.530599 0.021484 0.027344
0 0.984375 0.537109 0.031250 0.050781
0 0.931152 0.499349 0.038086 0.040365
0 0.279785 0.500000 0.045898 0.049479
0 0.070312 0.496745 0.048828 0.053385
0 0.140625 0.495443 0.089844 0.063802
0 0.022949 0.479167 0.045898 0.044271
0 0.238770 0.507812 0.081055 0.111979
0 0.268555 0.462891 0.019531 0.037760
0 0.343262 0.485677 0.059570 0.085938
0 0.441406 0.481771 0.056641 0.096354
0 0.367188 0.451172 0.027344 0.035156
0 0.057129 0.445964 0.038086 0.050781
0 0.392578 0.420573 0.031250 0.031250
0 0.281738 0.451823 0.079102 0.096354
0 0.167480 0.457031 0.088867 0.114583
0 0.601074 0.413411 0.026367 0.032552
0 0.641602 0.412760 0.033203 0.039062
0 0.012695 0.404297 0.025391 0.045573
0 0.744629 0.366536 0.038086 0.032552
0 0.590332 0.366536 0.024414 0.037760
0 0.020508 0.342448 0.041016 0.041667
0 0.528320 0.507812 0.943359 0.395833
0 0.055176 0.287109 0.110352 0.063802
0 0.659668 0.276042 0.043945 0.046875
0 0.173340 0.270182 0.028320 0.035156
0 0.984863 0.246094 0.030273 0.078125
0 0.115234 0.223307 0.048828 0.042969
0 0.787109 0.229167 0.083984 0.096354
0 0.850098 0.171224 0.022461 0.037760
0 0.147461 0.167318 0.048828 0.040365
0 0.992676 0.167969 0.014648 0.075521
0 0.509277 0.144531 0.235352 0.114583
0 0.194336 0.099609 0.041016 0.035156
0 0.166504 0.098307 0.026367 0.032552
0 0.077148 0.142578 0.154297 0.121094
0 0.063477 0.103516 0.029297 0.042969
0 0.992188 0.087240 0.015625 0.067708
0 0.752930 0.110677 0.097656 0.135417
0 0.341797 0.104167 0.150391 0.125000
0 0.679199 0.038411 0.038086 0.037760
0 0.933105 0.009766 0.034180 0.019531
0 0.891113 0.009766 0.038086 0.019531
0 0.818848 0.041667 0.049805 0.083333
0 0.525391 0.060547 0.097656 0.121094