0 0.883789 0.956380 0.076172 0.084635
0 0.535645 0.925781 0.024414 0.041667
0 0.401855 0.931641 0.200195 0.071615
0 0.962402 0.926432 0.075195 0.144531
0 0.933594 0.852214 0.033203 0.045573
0 0.958496 0.876302 0.083008 0.106771
0 0.737793 0.773438 0.022461 0.049479
0 0.988770 0.727865 0.022461 0.039062
0 0.752441 0.742188 0.053711 0.070312
0 0.983398 0.688802 0.033203 0.039062
0 0.120605 0.660156 0.040039 0.046875
0 0.028320 0.602865 0.056641 0.164062
0 0.083984 0.583984 0.074219 0.139323
0 0.855957 0.515625 0.020508 0.028646
0 0.889648 0.527995 0.054688 0.058594
0 0.774414 0.497396 0.025391 0.057292
0 0.155273 0.485677 0.046875 0.041667
0 0.333008 0.467448 0.031250 0.026042
0 0.241211 0.419271 0.021484 0.023438
0 0.140625 0.435547 0.070312 0.095052
0 0.940918 0.404297 0.026367 0.045573
0 0.190430 0.444010 0.068359 0.132812
0 0.217773 0.386068 0.015625 0.042969
0 0.148926 0.394531 0.020508 0.070312
0 0.169434 0.371745 0.018555 0.053385
0 0.399414 0.344401 0.019531 0.032552
0 0.194336 0.371094 0.044922 0.091146
0 0.032227 0.341797 0.019531 0.040365
0 0.980469 0.233724 0.039062 0.042969
0 0.090332 0.220703 0.018555 0.042969
0 0.622070 0.191406 0.039062 0.023438
0 0.565918 0.174479 0.032227 0.031250
0 0.992188 0.162109 0.015625 0.029948
0 0.055176 0.154948 0.032227 0.059896
0 0.383789 0.106771 0.025391 0.028646
0 0.245117 0.111979 0.031250 0.049479
0 0.115723 0.328776 0.231445 0.496094
0 0.991699 0.103516 0.016602 0.053385
0 0.454590 0.078776 0.038086 0.024740
0 0.442871 0.053385 0.051758 0.023438
0 0.390137 0.053385 0.061523 0.023438
0 0.354980 0.236328 0.364258 0.391927
0 0.500000 0.499349 1.000000 0.998698
0 0.514648 0.032552 0.062500 0.065104