0 0.646484 0.935547 0.041016 0.032552
0 0.536133 0.931641 0.091797 0.071615
0 0.240723 0.930339 0.344727 0.074219
0 0.645020 0.944010 0.124023 0.109375
0 0.668457 0.901042 0.024414 0.028646
0 0.958984 0.893880 0.044922 0.037760
0 0.080078 0.895833 0.041016 0.041667
0 0.505859 0.873698 0.029297 0.041667
0 0.911621 0.878255 0.040039 0.055990
0 0.086426 0.858073 0.045898 0.031250
0 0.962891 0.843099 0.074219 0.055990
0 0.700195 0.806641 0.031250 0.042969
0 0.095215 0.775391 0.036133 0.019531
0 0.931152 0.774740 0.028320 0.031250
0 0.722656 0.772786 0.056641 0.035156
0 0.038086 0.771484 0.029297 0.037760
0 0.116699 0.733724 0.022461 0.037760
0 0.608887 0.744792 0.051758 0.072917
0 0.671387 0.701823 0.026367 0.023438
0 0.981445 0.695312 0.037109 0.026042
0 0.414551 0.684896 0.024414 0.041667
0 0.299316 0.776693 0.338867 0.235677
0 0.965332 0.628906 0.069336 0.039062
0 0.246094 0.632812 0.066406 0.046875
0 0.062988 0.608073 0.047852 0.023438
0 0.141602 0.606120 0.029297 0.024740
0 0.231445 0.604167 0.021484 0.028646
0 0.968262 0.595052 0.043945 0.031250
0 0.515137 0.601562 0.057617 0.070312
0 0.606934 0.580078 0.038086 0.029948
0 0.632324 0.600260 0.055664 0.080729
0 0.542969 0.542318 0.041016 0.027344
0 0.018066 0.529297 0.036133 0.066406
0 0.020020 0.480469 0.040039 0.036458
0 0.159180 0.449870 0.019531 0.022135
0 0.019043 0.454427 0.038086 0.052083
0 0.303711 0.557292 0.285156 0.395833
0 0.169922 0.329427 0.056641 0.059896
0 0.546387 0.322917 0.036133 0.059896
0 0.838379 0.276042 0.020508 0.041667
0 0.521973 0.274740 0.036133 0.041667
0 0.450195 0.242188 0.027344 0.023438
0 0.676758 0.248698 0.015625 0.057292
0 0.910156 0.201823 0.050781 0.039062
0 0.833984 0.204427 0.023438 0.062500
0 0.802246 0.180990 0.028320 0.054688
0 0.495117 0.164714 0.029297 0.040365
0 0.853516 0.171875 0.019531 0.057292
0 0.255371 0.165365 0.047852 0.057292
0 0.227051 0.300130 0.243164 0.339844
0 0.711426 0.184896 0.059570 0.111979
0 0.247559 0.174479 0.086914 0.098958
0 0.757324 0.149089 0.041992 0.053385
0 0.145508 0.130859 0.056641 0.061198
0 0.188965 0.106120 0.051758 0.048177
0 0.227539 0.091797 0.031250 0.042969
0 0.826660 0.098958 0.065430 0.059896
0 0.248047 0.090495 0.025391 0.045573
0 0.720215 0.110677 0.041992 0.106771
0 0.771484 0.070964 0.076172 0.055990
0 0.446777 0.468099 0.338867 0.852865
0 0.991211 0.021484 0.017578 0.042969
0 0.747070 0.470703 0.505859 0.941406
0 0.223633 0.027995 0.019531 0.055990