0 0.948242 0.959635 0.103516 0.078125
0 0.748535 0.931641 0.034180 0.037760
0 0.985840 0.890625 0.028320 0.054688
0 0.551758 0.832031 0.031250 0.028646
0 0.764648 0.773438 0.027344 0.028646
0 0.819336 0.759766 0.033203 0.027344
0 0.734375 0.731120 0.021484 0.022135
0 0.830566 0.729818 0.036133 0.029948
0 0.067383 0.684896 0.048828 0.044271
0 0.384766 0.623698 0.029297 0.031250
0 0.209961 0.580078 0.027344 0.040365
0 0.494629 0.532552 0.108398 0.028646
0 0.544922 0.698568 0.675781 0.391927
0 0.328613 0.669922 0.584961 0.410156
0 0.665527 0.436849 0.084961 0.069010
0 0.748047 0.423177 0.091797 0.046875
0 0.480469 0.440104 0.107422 0.145833
0 0.830078 0.396484 0.083984 0.115885
0 0.922363 0.419271 0.155273 0.182292
0 0.658691 0.309896 0.059570 0.039062
0 0.476074 0.314453 0.045898 0.055990
0 0.607422 0.330729 0.070312 0.093750
0 0.911133 0.315104 0.136719 0.098958
0 0.632812 0.268880 0.064453 0.058594
0 0.156250 0.435547 0.312500 0.397135
0 0.491211 0.214844 0.044922 0.023438
0 0.901367 0.229167 0.085938 0.057292
0 0.014648 0.184245 0.029297 0.055990
0 0.810059 0.126953 0.026367 0.045573
0 0.793457 0.072266 0.028320 0.035156
0 0.502930 0.063151 0.062500 0.113281
0 0.342773 0.118490 0.322266 0.236979