0 0.258789 0.947266 0.052734 0.040365
0 0.293945 0.912109 0.029297 0.032552
0 0.230469 0.920573 0.054688 0.049479
0 0.247070 0.882161 0.021484 0.024740
0 0.358398 0.879557 0.058594 0.029948
0 0.409668 0.862630 0.061523 0.063802
0 0.543457 0.835286 0.026367 0.048177
0 0.314941 0.852865 0.112305 0.083333
0 0.142090 0.861328 0.120117 0.147135
0 0.979492 0.748047 0.039062 0.035156
0 0.888184 0.750000 0.040039 0.039062
0 0.975098 0.712240 0.024414 0.020833
0 0.453613 0.703776 0.030273 0.053385
0 0.437500 0.736979 0.093750 0.127604
0 0.897461 0.683594 0.021484 0.031250
0 0.382324 0.696615 0.036133 0.065104
0 0.984863 0.652995 0.030273 0.040365
0 0.417969 0.628906 0.025391 0.041667
0 0.954590 0.604167 0.057617 0.062500
0 0.968750 0.569661 0.019531 0.048177
0 0.341309 0.535156 0.040039 0.033854
0 0.212402 0.704427 0.397461 0.380208
0 0.061035 0.645182 0.122070 0.319010
0 0.307617 0.501302 0.033203 0.046875
0 0.947266 0.496094 0.095703 0.072917
0 0.342773 0.468099 0.033203 0.040365
0 0.134277 0.565755 0.096680 0.292969
0 0.989258 0.427083 0.021484 0.039062
0 0.079102 0.518880 0.158203 0.381510
0 0.144043 0.322266 0.040039 0.032552
0 0.394531 0.278646 0.052734 0.026042
0 0.169922 0.252604 0.033203 0.028646
0 0.434570 0.240885 0.033203 0.028646
0 0.690918 0.552083 0.618164 0.893229
0 0.111328 0.111328 0.083984 0.058594
0 0.648926 0.076172 0.153320 0.045573
0 0.400391 0.151042 0.351562 0.218750