0 0.080566 0.949219 0.084961 0.036458
0 0.172363 0.938802 0.067383 0.057292
0 0.464355 0.931641 0.075195 0.071615
0 0.049316 0.910156 0.047852 0.028646
0 0.312988 0.875000 0.026367 0.033854
0 0.189453 0.852865 0.031250 0.028646
0 0.102539 0.854818 0.119141 0.066406
0 0.582520 0.825521 0.057617 0.046875
0 0.029297 0.827474 0.058594 0.071615
0 0.876465 0.863932 0.247070 0.173177
0 0.435547 0.830729 0.107422 0.127604
0 0.478027 0.768229 0.051758 0.049479
0 0.380859 0.741536 0.046875 0.040365
0 0.061035 0.735677 0.049805 0.036458
0 0.676270 0.736328 0.061523 0.055990
0 0.251465 0.799479 0.131836 0.182292
0 0.948730 0.716797 0.022461 0.024740
0 0.907227 0.720703 0.021484 0.048177
0 0.335449 0.752604 0.079102 0.117188
0 0.980957 0.736328 0.038086 0.089844
0 0.291016 0.724609 0.056641 0.074219
0 0.228027 0.690755 0.030273 0.037760
0 0.573242 0.682292 0.054688 0.044271
0 0.021973 0.687500 0.043945 0.083333
0 0.805664 0.704427 0.162109 0.192708
0 0.017090 0.587891 0.034180 0.032552
0 0.099121 0.585286 0.034180 0.037760
0 0.055664 0.593750 0.033203 0.059896
0 0.444824 0.573568 0.026367 0.029948
0 0.731934 0.509766 0.028320 0.045573
0 0.583496 0.500651 0.061523 0.074219
0 0.011719 0.502604 0.023438 0.080729
0 0.096191 0.476562 0.043945 0.057292
0 0.916504 0.522786 0.166992 0.180990
0 0.100586 0.468750 0.058594 0.072917
0 0.524414 0.527344 0.212891 0.299479
0 0.020020 0.400391 0.040039 0.055990
0 0.772949 0.386719 0.038086 0.033854
0 0.331055 0.391927 0.056641 0.046875
0 0.093262 0.382812 0.053711 0.062500
0 0.685547 0.328125 0.041016 0.057292
0 0.110352 0.285156 0.056641 0.039062
0 0.636719 0.269531 0.035156 0.054688
0 0.682617 0.252604 0.033203 0.033854
0 0.779297 0.309245 0.134766 0.154948
0 0.583984 0.221354 0.025391 0.031250
0 0.655762 0.223958 0.026367 0.039062
0 0.617188 0.216797 0.041016 0.042969
0 0.912598 0.208333 0.094727 0.044271
0 0.176758 0.479818 0.353516 0.634115
0 0.854004 0.234375 0.116211 0.166667
0 0.695312 0.152344 0.023438 0.031250
0 0.839844 0.156901 0.039062 0.048177
0 0.574219 0.163411 0.039062 0.061198
0 0.752441 0.156250 0.034180 0.054688
0 0.517578 0.158854 0.072266 0.070312
0 0.523926 0.115234 0.057617 0.045573
0 0.455078 0.109375 0.064453 0.033854
0 0.357910 0.199219 0.081055 0.213542
0 0.268555 0.142578 0.093750 0.100260
0 0.749023 0.114583 0.070312 0.072917
0 0.988770 0.112630 0.022461 0.082031
0 0.470703 0.078776 0.046875 0.024740
0 0.387207 0.057292 0.041992 0.015625
0 0.828613 0.083984 0.061523 0.076823
0 0.457520 0.053385 0.049805 0.023438
0 0.270996 0.053385 0.041992 0.023438
0 0.499512 0.050781 0.034180 0.028646
0 0.630371 0.042318 0.086914 0.045573
0 0.596191 0.019531 0.041992 0.033854
0 0.799805 0.033203 0.066406 0.066406