0 0.636719 0.983073 0.033203 0.031250
0 0.789551 0.951823 0.024414 0.041667
0 0.686035 0.858073 0.030273 0.046875
0 0.937012 0.858073 0.038086 0.057292
0 0.973145 0.791667 0.036133 0.033854
0 0.628418 0.802734 0.047852 0.087240
0 0.475098 0.783203 0.045898 0.071615
0 0.948730 0.710938 0.102539 0.067708
0 0.619141 0.711589 0.048828 0.084635
0 0.954102 0.679036 0.042969 0.035156
0 0.468262 0.701823 0.043945 0.091146
0 0.990723 0.666667 0.018555 0.057292
0 0.411621 0.638672 0.036133 0.035156
0 0.153320 0.631510 0.029297 0.044271
0 0.958008 0.621745 0.021484 0.032552
0 0.928711 0.608073 0.027344 0.059896
0 0.894043 0.590495 0.051758 0.048177
0 0.984375 0.579427 0.031250 0.049479
0 0.166504 0.578125 0.047852 0.046875
0 0.541504 0.564453 0.026367 0.022135
0 0.953125 0.575521 0.029297 0.046875
0 0.508789 0.570312 0.037109 0.041667
0 0.327637 0.549479 0.030273 0.023438
0 0.769531 0.535156 0.025391 0.039062
0 0.558594 0.547526 0.091797 0.071615
0 0.852539 0.522135 0.031250 0.033854
0 0.730957 0.522786 0.059570 0.061198
0 0.940918 0.509115 0.032227 0.046875
0 0.463379 0.491536 0.026367 0.035156
0 0.941895 0.469401 0.081055 0.045573
0 0.730957 0.458984 0.026367 0.027344
0 0.035156 0.480469 0.044922 0.091146
0 0.716797 0.445312 0.031250 0.041667
0 0.791504 0.468099 0.096680 0.095052
0 0.896973 0.433594 0.038086 0.036458
0 0.084473 0.645182 0.168945 0.464844
0 0.017090 0.455078 0.034180 0.110677
0 0.868164 0.425130 0.060547 0.071615
0 0.672852 0.418620 0.035156 0.063802
0 0.496582 0.468750 0.086914 0.177083
0 0.457520 0.417969 0.043945 0.111979
0 0.918945 0.375000 0.029297 0.028646
0 0.938965 0.387370 0.059570 0.074219
0 0.737305 0.353516 0.031250 0.029948
0 0.325684 0.424479 0.061523 0.184896
0 0.835938 0.347005 0.031250 0.037760
0 0.982910 0.361328 0.034180 0.100260
0 0.898438 0.327474 0.037109 0.040365
0 0.826660 0.315104 0.034180 0.026042
0 0.674316 0.349609 0.161133 0.118490
0 0.915527 0.304036 0.038086 0.035156
0 0.338379 0.313151 0.041992 0.055990
0 0.802246 0.313802 0.038086 0.062500
0 0.739746 0.268880 0.038086 0.032552
0 0.369141 0.269531 0.033203 0.036458
0 0.698730 0.281250 0.043945 0.070312
0 0.903809 0.272786 0.075195 0.063802
0 0.860352 0.258464 0.044922 0.035156
0 0.974121 0.261719 0.051758 0.075521
0 0.705566 0.240234 0.032227 0.035156
0 0.782227 0.238281 0.031250 0.054688
0 0.908691 0.223307 0.067383 0.042969
0 0.753418 0.243490 0.067383 0.096354
0 0.981445 0.193359 0.037109 0.055990
0 0.594238 0.263021 0.317383 0.200521
0 0.420898 0.214844 0.095703 0.125000
0 0.839844 0.211589 0.087891 0.165365
0 0.463379 0.135417 0.041992 0.046875
0 0.508301 0.094401 0.026367 0.022135
0 0.489746 0.102214 0.036133 0.037760
0 0.385742 0.101562 0.035156 0.039062
0 0.050293 0.093099 0.038086 0.022135
0 0.308105 0.097005 0.036133 0.035156
0 0.641602 0.082031 0.251953 0.057292