0 0.964355 0.968750 0.036133 0.041667
0 0.042480 0.951823 0.077148 0.031250
0 0.876953 0.939453 0.033203 0.045573
0 0.907715 0.911458 0.014648 0.036458
0 0.840820 0.873047 0.046875 0.029948
0 0.784668 0.871745 0.032227 0.063802
0 0.879883 0.867188 0.037109 0.067708
0 0.910156 0.862630 0.042969 0.069010
0 0.825195 0.841146 0.029297 0.044271
0 0.507812 0.856120 0.048828 0.076823
0 0.857422 0.804688 0.025391 0.033854
0 0.161621 0.807292 0.026367 0.039062
0 0.842285 0.784505 0.028320 0.035156
0 0.979492 0.819010 0.041016 0.109375
0 0.801758 0.774740 0.042969 0.054688
0 0.964844 0.736328 0.035156 0.035156
0 0.099609 0.723958 0.037109 0.067708
0 0.822754 0.637370 0.047852 0.024740
0 0.867676 0.626953 0.047852 0.045573
0 0.988281 0.608073 0.023438 0.044271
0 0.983398 0.619141 0.033203 0.079427
0 0.936035 0.609375 0.065430 0.072917
0 0.279785 0.591797 0.047852 0.042969
0 0.864746 0.555990 0.024414 0.057292
0 0.950684 0.537109 0.043945 0.040365
0 0.291992 0.507812 0.041016 0.028646
0 0.636719 0.485677 0.023438 0.028646
0 0.793945 0.468099 0.042969 0.035156
0 0.116211 0.442708 0.031250 0.028646
0 0.229004 0.431641 0.045898 0.029948
0 0.925781 0.434896 0.052734 0.091146
0 0.279785 0.372396 0.030273 0.041667
0 0.139160 0.366536 0.081055 0.069010
0 0.061523 0.341146 0.042969 0.026042
0 0.943848 0.346354 0.034180 0.044271
0 0.599609 0.661458 0.359375 0.674479
0 0.597656 0.337240 0.027344 0.031250
0 0.235840 0.332031 0.022461 0.026042
0 0.305176 0.343099 0.051758 0.063802
0 0.171387 0.337891 0.053711 0.058594
0 0.108398 0.323568 0.044922 0.032552
0 0.936035 0.332031 0.081055 0.078125
0 0.190430 0.297526 0.017578 0.050781
0 0.121582 0.289714 0.045898 0.040365
0 0.812500 0.276042 0.041016 0.054688
0 0.968750 0.243490 0.042969 0.036458
0 0.374512 0.255859 0.041992 0.066406
0 0.473633 0.222656 0.041016 0.033854
0 0.198242 0.220703 0.021484 0.035156
0 0.300293 0.175130 0.036133 0.032552
0 0.132812 0.190104 0.035156 0.062500
0 0.683105 0.213542 0.051758 0.111979
0 0.271973 0.178385 0.034180 0.062500
0 0.544922 0.150391 0.068359 0.069010
0 0.992188 0.132812 0.015625 0.039062
0 0.447266 0.163411 0.154297 0.128906
0 0.467773 0.102214 0.041016 0.019531
0 0.315918 0.102865 0.036133 0.020833
0 0.028809 0.141927 0.049805 0.098958
0 0.163574 0.105469 0.057617 0.046875
0 0.814941 0.087240 0.036133 0.039062
0 0.443848 0.053385 0.034180 0.023438
0 0.319336 0.053385 0.039062 0.023438
0 0.214355 0.133464 0.149414 0.183594
0 0.542969 0.026693 0.041016 0.053385
0 0.525879 0.032552 0.034180 0.065104