0 0.898438 0.979818 0.062500 0.037760
0 0.944336 0.971354 0.042969 0.039062
0 0.953125 0.922526 0.037109 0.055990
0 0.185547 0.882812 0.031250 0.023438
0 0.980469 0.884115 0.039062 0.046875
0 0.038086 0.850260 0.044922 0.049479
0 0.297852 0.821615 0.027344 0.036458
0 0.057617 0.798177 0.041016 0.062500
0 0.090332 0.751302 0.026367 0.033854
0 0.332031 0.757161 0.056641 0.100260
0 0.431641 0.705729 0.044922 0.028646
0 0.200684 0.701823 0.036133 0.041667
0 0.716309 0.693359 0.040039 0.032552
0 0.684570 0.699870 0.031250 0.045573
0 0.888184 0.691406 0.036133 0.033854
0 0.216797 0.648438 0.041016 0.062500
0 0.617188 0.621745 0.041016 0.050781
0 0.017578 0.582031 0.035156 0.041667
0 0.631348 0.570312 0.038086 0.044271
0 0.404785 0.563802 0.040039 0.031250
0 0.163086 0.555339 0.029297 0.035156
0 0.781250 0.544922 0.037109 0.027344
0 0.432129 0.520182 0.026367 0.037760
0 0.249023 0.525391 0.025391 0.048177
0 0.842285 0.496745 0.043945 0.045573
0 0.564941 0.503906 0.036133 0.075521
0 0.568848 0.440755 0.034180 0.037760
0 0.401367 0.458984 0.082031 0.087240
0 0.770996 0.404948 0.030273 0.031250
0 0.949219 0.399740 0.027344 0.049479
0 0.491699 0.453125 0.118164 0.164062
0 0.829102 0.389323 0.035156 0.044271
0 0.953613 0.360677 0.034180 0.039062
0 0.838867 0.346354 0.039062 0.059896
0 0.653809 0.317057 0.036133 0.053385
0 0.591797 0.296224 0.121094 0.118490
0 0.162109 0.410156 0.251953 0.375000
0 0.906738 0.246094 0.108398 0.093750
0 0.775879 0.180339 0.032227 0.048177
0 0.268555 0.147786 0.042969 0.032552
0 0.383789 0.120443 0.210938 0.157552
0 0.249023 0.054036 0.033203 0.024740
0 0.220703 0.085286 0.136719 0.136719
0 0.788574 0.091797 0.055664 0.162760