0 0.428223 0.949219 0.051758 0.018229
0 0.365723 0.936849 0.043945 0.032552
0 0.410645 0.922526 0.110352 0.053385
0 0.403809 0.878255 0.040039 0.032552
0 0.413086 0.861979 0.111328 0.065104
0 0.355957 0.815755 0.038086 0.058594
0 0.601562 0.757161 0.041016 0.045573
0 0.647461 0.744792 0.025391 0.039062
0 0.462402 0.542318 0.041992 0.014323
0 0.423828 0.526693 0.052734 0.016927
0 0.505371 0.527344 0.036133 0.044271
0 0.572266 0.330729 0.025391 0.020833
0 0.343262 0.206380 0.040039 0.024740
0 0.515137 0.240234 0.327148 0.102865