0 0.946777 0.990234 0.071289 0.016927
0 0.137695 0.929036 0.033203 0.035156
0 0.028809 0.938151 0.049805 0.058594
0 0.200684 0.937500 0.040039 0.059896
0 0.070801 0.933594 0.069336 0.067708
0 0.489258 0.931641 0.119141 0.071615
0 0.027344 0.904948 0.029297 0.018229
0 0.107422 0.897786 0.027344 0.045573
0 0.007812 0.862630 0.015625 0.035156
0 0.078125 0.852214 0.064453 0.045573
0 0.035645 0.831380 0.057617 0.087240
0 0.966309 0.811198 0.067383 0.059896
0 0.719238 0.792969 0.034180 0.026042
0 0.374023 0.774740 0.037109 0.033854
0 0.583496 0.791667 0.053711 0.093750
0 0.730957 0.751302 0.038086 0.023438
0 0.783691 0.866536 0.432617 0.264323
0 0.397949 0.733724 0.032227 0.019531
0 0.196777 0.781250 0.084961 0.140625
0 0.933105 0.753906 0.088867 0.096354
0 0.806152 0.730469 0.038086 0.049479
0 0.395508 0.688802 0.025391 0.041667
0 0.662109 0.696615 0.074219 0.080729
0 0.773438 0.677083 0.056641 0.054688
0 0.382812 0.662109 0.037109 0.027344
0 0.023926 0.652995 0.047852 0.071615
0 0.264160 0.624349 0.022461 0.040365
0 0.764160 0.620443 0.040039 0.053385
0 0.131348 0.743490 0.262695 0.302083
0 0.716309 0.619792 0.084961 0.070312
0 0.978516 0.604818 0.025391 0.048177
0 0.615234 0.623047 0.109375 0.084635
0 0.074219 0.585938 0.025391 0.033854
0 0.844727 0.578776 0.042969 0.048177
0 0.481445 0.715495 0.113281 0.358073
0 0.768555 0.539714 0.050781 0.069010
0 0.822754 0.520182 0.040039 0.045573
0 0.924316 0.598307 0.151367 0.230469
0 0.750488 0.493490 0.028320 0.044271
0 0.985840 0.445312 0.024414 0.041667
0 0.795410 0.446615 0.049805 0.093750
0 0.890137 0.391927 0.049805 0.052083
0 0.485840 0.432943 0.079102 0.141927
0 0.623047 0.481120 0.189453 0.251302
0 0.776367 0.371745 0.064453 0.076823
0 0.865723 0.374349 0.043945 0.087240
0 0.643066 0.319010 0.032227 0.036458
0 0.700684 0.319010 0.038086 0.075521
0 0.910645 0.384766 0.178711 0.261719
0 0.821289 0.304036 0.072266 0.108073
0 0.666504 0.240234 0.069336 0.045573
0 0.923340 0.220052 0.040039 0.044271
0 0.127441 0.437500 0.254883 0.484375
0 0.857910 0.198568 0.034180 0.037760
0 0.971191 0.217448 0.055664 0.080729
0 0.762695 0.188802 0.023438 0.036458
0 0.715820 0.156250 0.027344 0.031250
0 0.635254 0.117188 0.026367 0.033854
0 0.675293 0.156901 0.088867 0.128906
0 0.582031 0.176432 0.117188 0.167969
0 0.502930 0.115885 0.062500 0.046875
0 0.402832 0.125651 0.133789 0.066406
0 0.102051 0.163411 0.204102 0.160156
0 0.504883 0.078776 0.027344 0.024740
0 0.429688 0.073568 0.042969 0.014323
0 0.380859 0.078776 0.064453 0.024740
0 0.320312 0.076172 0.054688 0.019531
0 0.715332 0.067057 0.026367 0.048177
0 0.221680 0.110677 0.136719 0.138021
0 0.981934 0.074219 0.026367 0.072917
0 0.414551 0.041016 0.245117 0.048177
0 0.614746 0.022786 0.018555 0.029948
0 0.944336 0.014323 0.078125 0.028646
0 0.873535 0.009766 0.026367 0.019531
0 0.780762 0.138672 0.184570 0.277344
0 0.649902 0.029948 0.018555 0.059896