0 0.897461 0.968099 0.050781 0.061198
0 0.511230 0.951172 0.069336 0.032552
0 0.951172 0.966146 0.056641 0.065104
0 0.814941 0.953125 0.159180 0.091146
0 0.393066 0.926432 0.040039 0.050781
0 0.496582 0.914062 0.073242 0.036458
0 0.451172 0.910156 0.044922 0.028646
0 0.291992 0.907552 0.048828 0.023438
0 0.861328 0.896484 0.039062 0.027344
0 0.294922 0.880208 0.041016 0.028646
0 0.888184 0.857422 0.041992 0.022135
0 0.955566 0.901042 0.088867 0.111979
0 0.537109 0.845052 0.054688 0.028646
0 0.412598 0.840495 0.032227 0.035156
0 0.979980 0.846354 0.040039 0.067708
0 0.427246 0.830078 0.252930 0.128906
0 0.028320 0.769531 0.056641 0.041667
0 0.065430 0.798828 0.130859 0.108073
0 0.371094 0.758464 0.033203 0.032552
0 0.407227 0.764323 0.035156 0.046875
0 0.196777 0.734375 0.057617 0.046875
0 0.667480 0.722005 0.041992 0.040365
0 0.137695 0.673177 0.029297 0.039062
0 0.622070 0.628255 0.082031 0.071615
0 0.039062 0.660156 0.078125 0.143229
0 0.558105 0.589193 0.022461 0.037760
0 0.698242 0.582682 0.056641 0.069010
0 0.416504 0.558594 0.083008 0.078125
0 0.755371 0.537109 0.069336 0.037760
0 0.821289 0.533203 0.068359 0.042969
0 0.861816 0.503255 0.036133 0.045573
0 0.895996 0.490885 0.038086 0.028646
0 0.350586 0.480469 0.031250 0.031250
0 0.625977 0.493490 0.078125 0.065104
0 0.920410 0.463542 0.034180 0.046875
0 0.601074 0.422526 0.038086 0.035156
0 0.976074 0.426432 0.047852 0.053385
0 0.745117 0.405599 0.041016 0.024740
0 0.267578 0.552734 0.535156 0.345052
0 0.828613 0.376302 0.040039 0.026042
0 0.633789 0.361328 0.066406 0.045573
0 0.864258 0.319661 0.033203 0.032552
0 0.562012 0.316406 0.040039 0.044271
0 0.816895 0.313151 0.067383 0.048177
0 0.720215 0.338542 0.118164 0.111979
0 0.754395 0.272135 0.043945 0.044271
0 0.514648 0.271484 0.076172 0.048177
0 0.918945 0.279297 0.076172 0.069010
0 0.943848 0.248047 0.032227 0.037760
0 0.832031 0.233073 0.042969 0.054688
0 0.336914 0.382812 0.542969 0.364583
0 0.503418 0.223307 0.028320 0.048177
0 0.882324 0.198568 0.032227 0.024740
0 0.833008 0.201172 0.025391 0.040365
0 0.113770 0.194010 0.047852 0.041667
0 0.651367 0.192708 0.039062 0.054688
0 0.271484 0.171224 0.025391 0.032552
0 0.326172 0.158203 0.029297 0.035156
0 0.761719 0.159505 0.041016 0.040365
0 0.706055 0.152995 0.054688 0.058594
0 0.612305 0.140625 0.015625 0.044271
0 0.477051 0.127604 0.036133 0.041667
0 0.332031 0.124349 0.029297 0.037760
0 0.094727 0.120443 0.033203 0.029948
0 0.812500 0.113281 0.027344 0.046875
0 0.201172 0.102865 0.027344 0.028646
0 0.721191 0.097656 0.022461 0.033854
0 0.658691 0.100260 0.030273 0.062500
0 0.251465 0.081380 0.065430 0.058594
0 0.769043 0.076172 0.034180 0.066406
0 0.468262 0.074870 0.049805 0.066406
0 0.368652 0.065104 0.032227 0.046875
0 0.802734 0.054688 0.029297 0.054688
0 0.976074 0.060547 0.047852 0.121094
0 0.651855 0.015625 0.040039 0.031250
0 0.533203 0.033854 0.027344 0.067708