0 0.909180 0.959635 0.019531 0.065104
0 0.146973 0.940755 0.059570 0.053385
0 0.513672 0.928385 0.035156 0.065104
0 0.466309 0.931641 0.055664 0.071615
0 0.223145 0.878255 0.028320 0.029948
0 0.404297 0.867188 0.037109 0.049479
0 0.016602 0.855469 0.033203 0.039062
0 0.273926 0.847656 0.038086 0.088542
0 0.367188 0.818359 0.039062 0.048177
0 0.919922 0.787760 0.027344 0.026042
0 0.838379 0.738281 0.022461 0.049479
0 0.299805 0.727865 0.048828 0.067708
0 0.928711 0.774089 0.142578 0.180990
0 0.834473 0.692057 0.028320 0.035156
0 0.009277 0.677083 0.018555 0.041667
0 0.958984 0.676432 0.033203 0.053385
0 0.858887 0.663411 0.022461 0.035156
0 0.678223 0.659505 0.030273 0.029948
0 0.048828 0.617839 0.033203 0.079427
0 0.899414 0.610677 0.066406 0.067708
0 0.694824 0.585286 0.030273 0.027344
0 0.016113 0.593099 0.032227 0.050781
0 0.748535 0.599609 0.075195 0.095052
0 0.094238 0.592448 0.057617 0.080729
0 0.927246 0.555339 0.026367 0.040365
0 0.114746 0.546875 0.034180 0.039062
0 0.143066 0.548177 0.022461 0.057292
0 0.791504 0.589844 0.153320 0.143229
0 0.916504 0.527344 0.059570 0.036458
0 0.799316 0.509115 0.041992 0.023438
0 0.768555 0.516927 0.042969 0.041667
0 0.075195 0.519531 0.027344 0.052083
0 0.311523 0.477214 0.035156 0.027344
0 0.701660 0.492839 0.098633 0.092448
0 0.947754 0.477865 0.077148 0.080729
0 0.697266 0.447266 0.023438 0.040365
0 0.888672 0.442057 0.021484 0.037760
0 0.778809 0.460286 0.051758 0.074219
0 0.825195 0.450521 0.052734 0.059896
0 0.977051 0.444661 0.045898 0.050781
0 0.746582 0.438151 0.063477 0.055990
0 0.820801 0.414714 0.053711 0.055990
0 0.712402 0.396484 0.049805 0.048177
0 0.126465 0.450521 0.129883 0.164062
0 0.602051 0.378255 0.038086 0.032552
0 0.025391 0.397135 0.050781 0.070312
0 0.738281 0.358073 0.031250 0.039062
0 0.429199 0.667318 0.793945 0.662760
0 0.984863 0.371094 0.030273 0.080729
0 0.891113 0.340495 0.045898 0.037760
0 0.713379 0.341146 0.032227 0.057292
0 0.775879 0.333333 0.073242 0.044271
0 0.838867 0.324219 0.025391 0.052083
0 0.524414 0.295573 0.033203 0.020833
0 0.760742 0.301432 0.042969 0.045573
0 0.560059 0.286458 0.026367 0.044271
0 0.751465 0.280599 0.040039 0.050781
0 0.816406 0.251953 0.062500 0.055990
0 0.021973 0.236979 0.043945 0.039062
0 0.552246 0.234375 0.043945 0.044271
0 0.251465 0.213542 0.053711 0.041667
0 0.118652 0.287760 0.157227 0.223958
0 0.903320 0.250000 0.193359 0.164062
0 0.626953 0.238932 0.101562 0.154948
0 0.992188 0.175130 0.015625 0.032552
0 0.762207 0.193359 0.079102 0.087240
0 0.066406 0.159505 0.132812 0.154948
0 0.213867 0.136068 0.134766 0.110677
0 0.791504 0.120443 0.127930 0.121094
0 0.960938 0.049479 0.078125 0.098958
0 0.883789 0.009766 0.072266 0.019531