0 0.684082 0.976562 0.034180 0.044271
0 0.646973 0.942057 0.041992 0.024740
0 0.829590 0.956380 0.073242 0.084635
0 0.285156 0.931641 0.070312 0.071615
0 0.981445 0.882161 0.035156 0.042969
0 0.671875 0.876302 0.031250 0.031250
0 0.232422 0.866536 0.050781 0.055990
0 0.615234 0.843099 0.025391 0.040365
0 0.017090 0.797526 0.034180 0.045573
0 0.046387 0.794922 0.034180 0.055990
0 0.280273 0.787109 0.021484 0.058594
0 0.605469 0.763021 0.029297 0.044271
0 0.904297 0.751953 0.025391 0.037760
0 0.338867 0.808594 0.134766 0.171875
0 0.436523 0.721354 0.037109 0.049479
0 0.372559 0.736328 0.096680 0.108073
0 0.089844 0.700521 0.046875 0.070312
0 0.302246 0.681641 0.028320 0.055990
0 0.553711 0.655599 0.023438 0.035156
0 0.630859 0.634115 0.048828 0.041667
0 0.579102 0.625000 0.033203 0.023438
0 0.194824 0.638021 0.028320 0.098958
0 0.295410 0.591146 0.057617 0.062500
0 0.830078 0.572917 0.025391 0.033854
0 0.597656 0.565755 0.062500 0.040365
0 0.535645 0.587891 0.065430 0.084635
0 0.150391 0.577474 0.060547 0.082031
0 0.637207 0.555990 0.018555 0.044271
0 0.067871 0.615885 0.135742 0.169271
0 0.897461 0.538411 0.066406 0.035156
0 0.818848 0.508464 0.090820 0.032552
0 0.484375 0.515625 0.097656 0.049479
0 0.895996 0.496094 0.208008 0.085938
0 0.341309 0.463542 0.032227 0.052083
0 0.309570 0.453776 0.027344 0.050781
0 0.648926 0.482422 0.274414 0.113281
0 0.175781 0.494141 0.269531 0.188802
0 0.160156 0.430339 0.089844 0.074219
0 0.232910 0.406250 0.024414 0.041667
0 0.588867 0.395182 0.054688 0.053385
0 0.123047 0.378906 0.041016 0.039062
0 0.476074 0.425130 0.129883 0.170573
0 0.762695 0.326823 0.029297 0.031250
0 0.427734 0.328125 0.054688 0.044271
0 0.458008 0.312500 0.021484 0.044271
0 0.093262 0.309896 0.073242 0.057292
0 0.036133 0.283854 0.029297 0.070312
0 0.421387 0.276042 0.028320 0.059896
0 0.757324 0.279948 0.063477 0.106771
0 0.192383 0.287109 0.123047 0.144531
0 0.273926 0.226562 0.030273 0.046875
0 0.438477 0.179688 0.048828 0.031250
0 0.170898 0.169271 0.023438 0.039062
0 0.545410 0.162760 0.022461 0.046875
0 0.101074 0.179036 0.083008 0.079427
0 0.091309 0.225260 0.182617 0.182292
0 0.723145 0.195964 0.065430 0.139323
0 0.678711 0.152995 0.023438 0.061198
0 0.056152 0.134115 0.055664 0.026042
0 0.801758 0.122396 0.066406 0.049479
0 0.167480 0.108724 0.051758 0.053385
0 0.454102 0.112630 0.023438 0.063802
0 0.577148 0.086589 0.027344 0.071615
0 0.699707 0.077474 0.022461 0.069010
0 0.258789 0.068359 0.048828 0.053385
0 0.505371 0.180339 0.334961 0.358073
0 0.785645 0.016276 0.040039 0.032552