0 0.640137 0.929036 0.040039 0.058594
0 0.383301 0.885417 0.034180 0.018229
0 0.487793 0.882812 0.065430 0.023438
0 0.413086 0.875000 0.035156 0.039062
0 0.913574 0.852865 0.092773 0.039062
0 0.326660 0.843750 0.020508 0.031250
0 0.291016 0.860026 0.046875 0.066406
0 0.105469 0.839844 0.035156 0.041667
0 0.971191 0.819661 0.057617 0.027344
0 0.041016 0.820312 0.033203 0.028646
0 0.782227 0.812500 0.027344 0.026042
0 0.908203 0.823568 0.066406 0.058594
0 0.296875 0.809896 0.023438 0.031250
0 0.063477 0.826172 0.097656 0.097656
0 0.364258 0.800130 0.068359 0.066406
0 0.339355 0.756510 0.041992 0.031250
0 0.319824 0.758464 0.061523 0.061198
0 0.213379 0.744792 0.067383 0.054688
0 0.663086 0.706380 0.042969 0.035156
0 0.989746 0.708984 0.020508 0.045573
0 0.858887 0.696615 0.034180 0.033854
0 0.318359 0.704427 0.048828 0.067708
0 0.881348 0.792969 0.237305 0.268229
0 0.604980 0.619792 0.040039 0.033854
0 0.553223 0.788411 0.495117 0.394531
0 0.630371 0.614583 0.045898 0.049479
0 0.028809 0.582031 0.040039 0.028646
0 0.606445 0.580078 0.037109 0.027344
0 0.570801 0.559896 0.038086 0.036458
0 0.168945 0.695964 0.337891 0.326823
0 0.125000 0.555339 0.064453 0.089844
0 0.270996 0.513021 0.041992 0.039062
0 0.902832 0.458333 0.032227 0.044271
0 0.275391 0.459635 0.056641 0.062500
0 0.342773 0.433594 0.062500 0.065104
0 0.267578 0.419271 0.066406 0.062500
0 0.901367 0.367839 0.041016 0.027344
0 0.115723 0.414714 0.079102 0.209635
0 0.193359 0.383464 0.060547 0.157552
0 0.971191 0.326823 0.057617 0.072917
0 0.765625 0.220703 0.048828 0.032552
0 0.829102 0.195312 0.064453 0.044271
0 0.437012 0.429688 0.874023 0.731771
0 0.293457 0.116536 0.049805 0.115885
0 0.992188 0.066406 0.015625 0.028646
0 0.728516 0.084635 0.103516 0.083333
0 0.520996 0.171224 0.395508 0.259115
0 0.812500 0.018229 0.058594 0.036458