0 0.973633 0.975911 0.035156 0.045573
0 0.988770 0.953125 0.022461 0.028646
0 0.897461 0.961589 0.140625 0.074219
0 0.617188 0.955078 0.068359 0.087240
0 0.316895 0.913411 0.036133 0.035156
0 0.233887 0.931641 0.151367 0.071615
0 0.823730 0.931641 0.083008 0.102865
0 0.886719 0.896484 0.037109 0.053385
0 0.801758 0.884766 0.076172 0.076823
0 0.961914 0.876302 0.076172 0.109375
0 0.833984 0.845703 0.041016 0.048177
0 0.872070 0.846354 0.041016 0.062500
0 0.764160 0.838542 0.040039 0.054688
0 0.016113 0.833333 0.032227 0.046875
0 0.911133 0.816406 0.042969 0.046875
0 0.679199 0.749349 0.049805 0.050781
0 0.729492 0.715495 0.058594 0.042969
0 0.906250 0.761068 0.187500 0.139323
0 0.985352 0.680990 0.029297 0.046875
0 0.365234 0.668620 0.039062 0.032552
0 0.765137 0.672526 0.040039 0.045573
0 0.212891 0.647135 0.039062 0.041667
0 0.938965 0.665365 0.077148 0.117188
0 0.979004 0.596354 0.038086 0.067708
0 0.986816 0.555339 0.026367 0.045573
0 0.399902 0.548828 0.032227 0.032552
0 0.322754 0.549479 0.041992 0.033854
0 0.388184 0.715495 0.776367 0.566406
0 0.232910 0.403646 0.034180 0.028646
0 0.083496 0.412109 0.022461 0.069010
0 0.107910 0.397135 0.036133 0.072917
0 0.139160 0.388021 0.047852 0.057292
0 0.208496 0.363932 0.030273 0.048177
0 0.010742 0.363281 0.021484 0.062500
0 0.140137 0.351562 0.036133 0.052083
0 0.182617 0.341146 0.031250 0.041667
0 0.237305 0.333333 0.031250 0.031250
0 0.040039 0.345703 0.042969 0.108073
0 0.150879 0.313802 0.088867 0.075521
0 0.174805 0.261719 0.042969 0.039062
0 0.211914 0.250651 0.031250 0.035156
0 0.089355 0.263672 0.051758 0.076823
0 0.552734 0.166016 0.033203 0.019531
0 0.057129 0.190104 0.114258 0.216146
0 0.744629 0.322266 0.366211 0.514323
0 0.424805 0.315755 0.695312 0.553385
0 0.617676 0.043620 0.041992 0.042969
0 0.780762 0.019531 0.038086 0.039062
0 0.680176 0.030599 0.098633 0.061198