0 0.686523 0.967448 0.052734 0.062500
0 0.107910 0.950521 0.047852 0.033854
0 0.152344 0.917969 0.064453 0.044271
0 0.661621 0.906250 0.028320 0.028646
0 0.107422 0.899740 0.044922 0.049479
0 0.153809 0.876953 0.034180 0.035156
0 0.834961 0.860026 0.025391 0.022135
0 0.229004 0.820964 0.125977 0.105469
0 0.919434 0.786458 0.053711 0.075521
0 0.393066 0.733724 0.040039 0.027344
0 0.270508 0.745443 0.019531 0.050781
0 0.558594 0.826172 0.150391 0.246094
0 0.005371 0.722656 0.010742 0.049479
0 0.952637 0.721354 0.094727 0.070312
0 0.704102 0.783854 0.154297 0.234375
0 0.371094 0.673828 0.044922 0.035156
0 0.807617 0.698568 0.125000 0.087240
0 0.274902 0.674479 0.040039 0.041667
0 0.894043 0.643880 0.065430 0.058594
0 0.974609 0.632161 0.025391 0.061198
0 0.959473 0.618490 0.024414 0.049479
0 0.267578 0.618490 0.046875 0.049479
0 0.924805 0.611979 0.042969 0.041667
0 0.642578 0.608724 0.050781 0.055990
0 0.984375 0.586589 0.031250 0.042969
0 0.830078 0.566406 0.021484 0.033854
0 0.741699 0.539714 0.028320 0.027344
0 0.910645 0.536458 0.036133 0.026042
0 0.083984 0.552083 0.021484 0.067708
0 0.683594 0.588542 0.121094 0.153646
0 0.061523 0.588542 0.046875 0.161458
0 0.761719 0.529948 0.046875 0.052083
0 0.849121 0.517578 0.038086 0.040365
0 0.282227 0.497396 0.033203 0.044271
0 0.130859 0.679688 0.261719 0.419271
0 0.039062 0.492839 0.021484 0.074219
0 0.638672 0.472656 0.027344 0.046875
0 0.939941 0.471354 0.038086 0.049479
0 0.101074 0.490885 0.055664 0.091146
0 0.874023 0.452474 0.027344 0.037760
0 0.973145 0.467448 0.051758 0.109375
0 0.860352 0.424479 0.052734 0.031250
0 0.038086 0.430990 0.023438 0.062500
0 0.039062 0.548177 0.078125 0.302083
0 0.920898 0.399740 0.099609 0.067708
0 0.089844 0.373698 0.035156 0.036458
0 0.026367 0.264974 0.052734 0.087240
0 0.067383 0.207031 0.025391 0.039062
0 0.731445 0.399089 0.537109 0.470052
0 0.046387 0.097656 0.067383 0.031250
0 0.589844 0.361979 0.539062 0.578125
0 0.182129 0.108073 0.145508 0.143229