0 0.636719 0.964844 0.107422 0.067708
0 0.187012 0.928385 0.038086 0.026042
0 0.855957 0.951823 0.288086 0.093750
0 0.625488 0.923828 0.047852 0.042969
0 0.431641 0.931641 0.140625 0.071615
0 0.302734 0.872396 0.031250 0.033854
0 0.645996 0.880208 0.155273 0.085938
0 0.539551 0.828776 0.032227 0.027344
0 0.143555 0.807943 0.031250 0.048177
0 0.414062 0.828776 0.140625 0.131510
0 0.389160 0.748047 0.043945 0.027344
0 0.733887 0.748698 0.032227 0.044271
0 0.808105 0.710286 0.059570 0.082031
0 0.813965 0.660156 0.057617 0.031250
0 0.755859 0.664714 0.042969 0.055990
0 0.969238 0.662109 0.061523 0.069010
0 0.870605 0.765625 0.258789 0.276042
0 0.917480 0.614583 0.028320 0.026042
0 0.958008 0.599609 0.083984 0.063802
0 0.782227 0.519531 0.044922 0.028646
0 0.637207 0.391276 0.038086 0.035156
0 0.020020 0.401042 0.040039 0.062500
0 0.659668 0.363281 0.038086 0.028646
0 0.867676 0.336589 0.043945 0.053385
0 0.788086 0.326823 0.048828 0.065104
0 0.721191 0.279297 0.022461 0.035156
0 0.819336 0.270182 0.046875 0.042969
0 0.212891 0.257161 0.039062 0.029948
0 0.747559 0.300130 0.104492 0.147135
0 0.832520 0.227214 0.030273 0.048177
0 0.901367 0.356771 0.197266 0.348958
0 0.741699 0.190755 0.034180 0.029948
0 0.803223 0.177083 0.049805 0.070312
0 0.471680 0.152344 0.031250 0.033854
0 0.797852 0.128255 0.035156 0.061198
0 0.365723 0.529948 0.731445 0.875000
0 0.077637 0.236979 0.155273 0.309896
0 0.985840 0.112630 0.028320 0.082031
0 0.658203 0.078776 0.044922 0.024740
0 0.571777 0.078776 0.131836 0.024740
0 0.357910 0.078776 0.055664 0.024740
0 0.802246 0.065755 0.034180 0.037760
0 0.373535 0.053385 0.081055 0.023438
0 0.305176 0.053385 0.032227 0.023438
0 0.992188 0.048177 0.015625 0.028646
0 0.968262 0.011068 0.055664 0.022135
0 0.791992 0.031901 0.068359 0.063802
0 0.615234 0.032552 0.212891 0.065104