0 0.930664 0.986979 0.054688 0.023438
0 0.817383 0.982422 0.035156 0.032552
0 0.703125 0.981120 0.039062 0.035156
0 0.789551 0.977865 0.020508 0.036458
0 0.752441 0.972656 0.032227 0.033854
0 0.838379 0.955729 0.034180 0.049479
0 0.878906 0.962240 0.064453 0.072917
0 0.799805 0.937500 0.019531 0.036458
0 0.712402 0.927083 0.088867 0.049479
0 0.515137 0.912760 0.067383 0.033854
0 0.631348 0.942057 0.096680 0.113281
0 0.414062 0.878906 0.042969 0.031250
0 0.687988 0.884115 0.047852 0.046875
0 0.976562 0.873047 0.046875 0.050781
0 0.728516 0.837240 0.033203 0.026042
0 0.846680 0.852865 0.042969 0.078125
0 0.948242 0.825521 0.027344 0.028646
0 0.695312 0.822917 0.021484 0.044271
0 0.673828 0.810547 0.019531 0.042969
0 0.966797 0.808594 0.031250 0.049479
0 0.417969 0.802083 0.025391 0.039062
0 0.819336 0.811849 0.056641 0.071615
0 0.989746 0.790365 0.020508 0.039062
0 0.875977 0.792969 0.050781 0.046875
0 0.590332 0.828125 0.125977 0.132812
0 0.961914 0.763672 0.021484 0.024740
0 0.068848 0.760417 0.034180 0.033854
0 0.846191 0.753255 0.034180 0.029948
0 0.101074 0.750000 0.038086 0.033854
0 0.612305 0.744141 0.033203 0.029948
0 0.714355 0.740885 0.024414 0.036458
0 0.145020 0.740234 0.040039 0.035156
0 0.448730 0.731120 0.022461 0.029948
0 0.822266 0.727214 0.054688 0.027344
0 0.907715 0.722656 0.034180 0.031250
0 0.879395 0.722656 0.061523 0.041667
0 0.527344 0.791667 0.164062 0.205729
0 0.788086 0.702474 0.029297 0.029948
0 0.702637 0.687500 0.069336 0.046875
0 0.954102 0.686198 0.021484 0.046875
0 0.240723 0.679688 0.024414 0.039062
0 0.810547 0.678385 0.035156 0.057292
0 0.844727 0.673177 0.027344 0.049479
0 0.577637 0.661458 0.041992 0.033854
0 0.391602 0.679688 0.072266 0.088542
0 0.636719 0.680990 0.099609 0.101562
0 0.886230 0.652344 0.061523 0.046875
0 0.922363 0.648438 0.049805 0.049479
0 0.955078 0.630208 0.039062 0.046875
0 0.301270 0.643880 0.092773 0.147135
0 0.867676 0.589844 0.063477 0.052083
0 0.338379 0.599609 0.055664 0.074219
0 0.377930 0.507161 0.039062 0.032552
0 0.981934 0.516276 0.036133 0.058594
0 0.334961 0.492839 0.023438 0.032552
0 0.426270 0.491536 0.028320 0.032552
0 0.063965 0.550781 0.118164 0.156250
0 0.284180 0.464844 0.064453 0.067708
0 0.538574 0.430990 0.024414 0.031250
0 0.653809 0.435547 0.026367 0.042969
0 0.362793 0.416667 0.030273 0.036458
0 0.400879 0.403646 0.026367 0.031250
0 0.506348 0.451823 0.141602 0.158854
0 0.938477 0.383464 0.064453 0.042969
0 0.071289 0.367188 0.041016 0.033854
0 0.130371 0.302734 0.030273 0.042969
0 0.474121 0.242839 0.032227 0.040365
0 0.187500 0.230469 0.041016 0.020833
0 0.459473 0.212240 0.069336 0.049479
0 0.201660 0.192708 0.049805 0.052083
0 0.802246 0.214193 0.084961 0.139323
0 0.836914 0.403646 0.326172 0.528646
0 0.319336 0.171224 0.056641 0.063802
0 0.445312 0.143229 0.027344 0.039062
0 0.224121 0.156250 0.028320 0.080729
0 0.106445 0.176432 0.199219 0.149740
0 0.395508 0.136719 0.066406 0.078125
0 0.029297 0.132161 0.046875 0.074219
0 0.585449 0.280599 0.159180 0.376302
0 0.538574 0.164714 0.129883 0.144531
0 0.480469 0.111328 0.033203 0.037760
0 0.991211 0.106120 0.017578 0.042969
0 0.618652 0.078776 0.049805 0.024740
0 0.573730 0.078776 0.040039 0.024740
0 0.777832 0.094401 0.100586 0.115885
0 0.909668 0.012370 0.061523 0.024740
0 0.787109 0.020182 0.050781 0.040365
0 0.583496 0.032552 0.149414 0.065104