0 0.549316 0.925781 0.041992 0.041667
0 0.835938 0.922526 0.037109 0.040365
0 0.482910 0.920573 0.047852 0.049479
0 0.130371 0.931641 0.090820 0.071615
0 0.910645 0.934245 0.147461 0.128906
0 0.427246 0.881510 0.036133 0.026042
0 0.376953 0.848307 0.054688 0.066406
0 0.473145 0.826172 0.131836 0.136719
0 0.620117 0.694661 0.033203 0.045573
0 0.256836 0.490885 0.035156 0.052083
0 0.462402 0.366536 0.036133 0.029948
0 0.959961 0.358073 0.080078 0.138021
0 0.991211 0.298828 0.017578 0.035156
0 0.786133 0.298177 0.042969 0.046875
0 0.937500 0.271484 0.041016 0.058594
0 0.844238 0.276042 0.043945 0.075521
0 0.967285 0.264323 0.030273 0.062500
0 0.893066 0.210286 0.051758 0.050781
0 0.929688 0.230469 0.078125 0.098958
0 0.438477 0.192057 0.046875 0.058594
0 0.987305 0.185547 0.025391 0.076823
0 0.471191 0.151042 0.059570 0.041667
0 0.475098 0.136068 0.161133 0.087240
0 0.966309 0.113281 0.030273 0.059896
0 0.953125 0.087891 0.021484 0.040365
0 0.502441 0.078125 0.040039 0.023438
0 0.455078 0.078776 0.064453 0.024740
0 0.400391 0.053385 0.107422 0.023438
0 0.447266 0.518229 0.894531 0.960938
0 0.988770 0.059245 0.022461 0.095052
0 0.965820 0.009766 0.039062 0.019531
0 0.882324 0.014323 0.030273 0.028646
0 0.775391 0.337891 0.449219 0.675781
0 0.555176 0.032552 0.208008 0.065104