0 0.956055 0.988281 0.027344 0.020833
0 0.805176 0.985677 0.032227 0.026042
0 0.868652 0.982422 0.030273 0.032552
0 0.711426 0.981771 0.049805 0.033854
0 0.100098 0.958333 0.036133 0.018229
0 0.643555 0.972656 0.064453 0.052083
0 0.988281 0.960286 0.023438 0.029948
0 0.896484 0.958333 0.039062 0.033854
0 0.712402 0.946615 0.032227 0.028646
0 0.282715 0.942708 0.071289 0.049479
0 0.904785 0.925130 0.022461 0.037760
0 0.232910 0.922526 0.041992 0.053385
0 0.927246 0.914062 0.038086 0.039062
0 0.108398 0.908203 0.046875 0.042969
0 0.869629 0.900391 0.030273 0.032552
0 0.803711 0.921875 0.144531 0.104167
0 0.973145 0.886719 0.053711 0.083333
0 0.768066 0.860026 0.040039 0.037760
0 0.791504 0.832031 0.026367 0.036458
0 0.050293 0.797526 0.040039 0.024740
0 0.919922 0.834635 0.066406 0.104167
0 0.138672 0.838542 0.095703 0.111979
0 0.970703 0.807943 0.058594 0.079427
0 0.827148 0.795573 0.031250 0.083333
0 0.937500 0.768880 0.052734 0.032552
0 0.753906 0.787760 0.083984 0.091146
0 0.852539 0.821615 0.082031 0.177083
0 0.889648 0.732422 0.044922 0.022135
0 0.041504 0.710938 0.024414 0.039062
0 0.825684 0.701172 0.034180 0.029948
0 0.879395 0.692057 0.028320 0.045573
0 0.841797 0.675781 0.027344 0.036458
0 0.198242 0.664062 0.044922 0.039062
0 0.935547 0.657552 0.042969 0.036458
0 0.975586 0.654948 0.048828 0.059896
0 0.881348 0.643229 0.038086 0.046875
0 0.927246 0.625000 0.038086 0.036458
0 0.064941 0.619141 0.129883 0.141927
0 0.054199 0.545573 0.047852 0.028646
0 0.937988 0.569661 0.094727 0.084635
0 0.022949 0.569010 0.045898 0.104167
0 0.844238 0.536458 0.090820 0.067708
0 0.891602 0.513672 0.025391 0.042969
0 0.972656 0.503255 0.031250 0.032552
0 0.953613 0.507812 0.092773 0.085938
0 0.847168 0.483724 0.059570 0.040365
0 0.975098 0.477214 0.049805 0.042969
0 0.897461 0.450521 0.048828 0.033854
0 0.957031 0.445964 0.068359 0.048177
0 0.499023 0.410156 0.050781 0.070312
0 0.887695 0.388672 0.042969 0.061198
0 0.266602 0.371094 0.035156 0.033854
0 0.982422 0.358724 0.035156 0.042969
0 0.608398 0.332031 0.035156 0.067708
0 0.985352 0.305990 0.029297 0.033854
0 0.974121 0.249349 0.051758 0.061198
0 0.580078 0.212240 0.115234 0.148438
0 0.489746 0.153646 0.032227 0.031250
0 0.235352 0.130208 0.039062 0.028646
0 0.095215 0.274089 0.190430 0.384115
0 0.024902 0.134766 0.049805 0.105469
0 0.217285 0.072266 0.069336 0.061198
0 0.516113 0.080078 0.106445 0.105469
0 0.604492 0.499349 0.791016 0.998698
0 0.789062 0.027344 0.072266 0.054688
0 0.621582 0.022135 0.131836 0.044271