0 0.610352 0.980469 0.052734 0.036458
0 0.521973 0.922526 0.026367 0.053385
0 0.499023 0.912109 0.019531 0.032552
0 0.250977 0.931641 0.150391 0.071615
0 0.034668 0.905599 0.032227 0.019531
0 0.453613 0.875651 0.026367 0.037760
0 0.397949 0.865885 0.036133 0.039062
0 0.480469 0.861328 0.035156 0.066406
0 0.087402 0.838542 0.059570 0.057292
0 0.612305 0.848307 0.080078 0.084635
0 0.051270 0.853516 0.102539 0.095052
0 0.502930 0.845052 0.033203 0.083333
0 0.556152 0.839193 0.061523 0.079427
0 0.033691 0.753906 0.022461 0.080729
0 0.354980 0.706380 0.043945 0.066406
0 0.324219 0.719401 0.050781 0.100260
0 0.413574 0.753906 0.098633 0.216146
0 0.508301 0.643880 0.055664 0.048177
0 0.917480 0.628255 0.040039 0.035156
0 0.044922 0.625651 0.029297 0.029948
0 0.357910 0.617188 0.028320 0.031250
0 0.715820 0.598307 0.033203 0.029948
0 0.521484 0.615234 0.025391 0.063802
0 0.489746 0.598307 0.028320 0.032552
0 0.430664 0.642578 0.119141 0.147135
0 0.250488 0.584635 0.024414 0.031250
0 0.960938 0.651042 0.078125 0.234375
0 0.083496 0.550781 0.047852 0.065104
0 0.365723 0.527344 0.032227 0.023438
0 0.209961 0.703125 0.361328 0.382812
0 0.127930 0.508464 0.044922 0.029948
0 0.014160 0.494141 0.028320 0.027344
0 0.402344 0.531901 0.037109 0.105469
0 0.052246 0.482422 0.032227 0.032552
0 0.242676 0.474609 0.032227 0.040365
0 0.123535 0.365885 0.022461 0.057292
0 0.956543 0.360677 0.038086 0.049479
0 0.152832 0.389323 0.057617 0.111979
0 0.083984 0.350260 0.056641 0.046875
0 0.375000 0.350911 0.076172 0.061198
0 0.381836 0.317708 0.048828 0.041667
0 0.295898 0.249349 0.166016 0.082031
0 0.931152 0.244141 0.137695 0.123698
0 0.255859 0.147135 0.029297 0.028646
0 0.127930 0.206380 0.255859 0.251302
0 0.599609 0.525391 0.800781 0.946615
0 0.231445 0.064453 0.035156 0.035156
0 0.930664 0.011719 0.064453 0.023438
0 0.846680 0.026042 0.099609 0.052083
0 0.661133 0.013672 0.050781 0.027344