0 0.978516 0.977865 0.042969 0.036458
0 0.265625 0.957031 0.037109 0.020833
0 0.557617 0.951172 0.048828 0.032552
0 0.484375 0.943359 0.046875 0.048177
0 0.172363 0.931641 0.041992 0.040365
0 0.559570 0.911458 0.029297 0.031250
0 0.313477 0.915365 0.046875 0.039062
0 0.108398 0.912760 0.062500 0.067708
0 0.610840 0.911458 0.135742 0.145833
0 0.095215 0.849609 0.051758 0.053385
0 0.559082 0.830729 0.032227 0.039062
0 0.020508 0.841797 0.041016 0.071615
0 0.469238 0.809245 0.038086 0.022135
0 0.068359 0.804688 0.060547 0.046875
0 0.810547 0.886068 0.220703 0.225260
0 0.567871 0.787109 0.034180 0.048177
0 0.032715 0.759766 0.024414 0.032552
0 0.935547 0.710938 0.041016 0.028646
0 0.015625 0.716797 0.031250 0.040365
0 0.072266 0.711589 0.025391 0.045573
0 0.837402 0.701172 0.038086 0.027344
0 0.522461 0.704427 0.105469 0.054688
0 0.026855 0.667318 0.053711 0.055990
0 0.125488 0.664714 0.063477 0.063802
0 0.016602 0.640625 0.033203 0.041667
0 0.091309 0.627604 0.057617 0.026042
0 0.149414 0.622396 0.042969 0.039062
0 0.014648 0.602214 0.029297 0.037760
0 0.632812 0.572266 0.052734 0.035156
0 0.581543 0.572266 0.045898 0.045573
0 0.694336 0.567057 0.039062 0.037760
0 0.064941 0.593099 0.036133 0.092448
0 0.020996 0.572917 0.041992 0.052083
0 0.025391 0.527344 0.021484 0.041667
0 0.083008 0.524089 0.033203 0.042969
0 0.055664 0.524740 0.027344 0.044271
0 0.333984 0.469401 0.044922 0.024740
0 0.115723 0.410807 0.055664 0.048177
0 0.095215 0.370443 0.026367 0.032552
0 0.197266 0.363932 0.033203 0.040365
0 0.059570 0.426432 0.119141 0.188802
0 0.533691 0.287760 0.034180 0.036458
0 0.238281 0.254557 0.041016 0.037760
0 0.331543 0.225911 0.032227 0.024740
0 0.708008 0.361328 0.474609 0.360677
0 0.714355 0.168620 0.034180 0.027344
0 0.208008 0.509766 0.416016 0.769531
0 0.984863 0.160156 0.030273 0.119792
0 0.192383 0.110677 0.187500 0.062500
0 0.347168 0.057292 0.028320 0.031250
0 0.298828 0.070964 0.068359 0.058594
0 0.625977 0.252604 0.730469 0.505208