0 0.566895 0.937500 0.030273 0.059896
0 0.504395 0.931641 0.084961 0.071615
0 0.360352 0.930339 0.066406 0.069010
0 0.227539 0.912760 0.052734 0.033854
0 0.195801 0.931641 0.141602 0.071615
0 0.112793 0.929036 0.030273 0.076823
0 0.642578 0.938802 0.119141 0.119792
0 0.696777 0.882812 0.034180 0.036458
0 0.504395 0.877604 0.073242 0.033854
0 0.716797 0.863281 0.031250 0.026042
0 0.452148 0.858073 0.027344 0.031250
0 0.355469 0.856771 0.087891 0.075521
0 0.170410 0.835938 0.034180 0.046875
0 0.363770 0.809896 0.053711 0.039062
0 0.243164 0.793620 0.041016 0.053385
0 0.399414 0.777344 0.062500 0.026042
0 0.827148 0.789714 0.044922 0.089844
0 0.693848 0.768229 0.022461 0.046875
0 0.776855 0.753906 0.041992 0.039062
0 0.214844 0.722656 0.027344 0.036458
0 0.691895 0.719401 0.024414 0.042969
0 0.347656 0.690104 0.019531 0.039062
0 0.115723 0.782552 0.213867 0.223958
0 0.840820 0.684245 0.031250 0.055990
0 0.312500 0.677083 0.041016 0.041667
0 0.926758 0.666667 0.056641 0.059896
0 0.723145 0.721354 0.118164 0.223958
0 0.890625 0.623698 0.042969 0.031250
0 0.861328 0.627604 0.033203 0.039062
0 0.714844 0.620443 0.037109 0.050781
0 0.849609 0.794922 0.300781 0.407552
0 0.851562 0.595052 0.046875 0.046875
0 0.227539 0.554036 0.039062 0.037760
0 0.340332 0.551432 0.045898 0.095052
0 0.722656 0.501953 0.029297 0.035156
0 0.462891 0.492839 0.046875 0.027344
0 0.370117 0.481120 0.039062 0.032552
0 0.313477 0.469401 0.033203 0.071615
0 0.144531 0.395833 0.029297 0.041667
0 0.251465 0.356771 0.063477 0.052083
0 0.244141 0.315104 0.027344 0.033854
0 0.652344 0.162109 0.031250 0.045573
0 0.669922 0.130208 0.103516 0.075521
0 0.092773 0.307943 0.185547 0.454427
0 0.832520 0.117839 0.059570 0.092448
0 0.506348 0.078776 0.258789 0.024740
0 0.759766 0.089844 0.107422 0.049479
0 0.961426 0.154948 0.077148 0.309896
0 0.902344 0.011719 0.044922 0.023438
0 0.520020 0.458333 0.831055 0.916667