0 0.827637 0.970703 0.084961 0.055990
0 0.944824 0.946615 0.032227 0.041667
0 0.891113 0.955078 0.061523 0.074219
0 0.489258 0.938151 0.041016 0.040365
0 0.294922 0.922526 0.048828 0.053385
0 0.343750 0.876302 0.072266 0.036458
0 0.383789 0.869792 0.070312 0.049479
0 0.554199 0.850260 0.026367 0.036458
0 0.937500 0.896484 0.125000 0.134115
0 0.377441 0.817708 0.040039 0.046875
0 0.443359 0.835938 0.080078 0.117188
0 0.637695 0.737630 0.023438 0.024740
0 0.192383 0.731120 0.058594 0.035156
0 0.449219 0.699219 0.056641 0.028646
0 0.052734 0.763672 0.105469 0.217448
0 0.565430 0.667318 0.041016 0.040365
0 0.378906 0.677083 0.083984 0.083333
0 0.610840 0.649089 0.047852 0.037760
0 0.901367 0.645833 0.027344 0.033854
0 0.287598 0.634766 0.028320 0.029948
0 0.304688 0.623698 0.019531 0.031250
0 0.797363 0.600911 0.045898 0.032552
0 0.373535 0.602214 0.118164 0.097656
0 0.689941 0.586589 0.059570 0.071615
0 0.758789 0.555990 0.064453 0.033854
0 0.904297 0.485677 0.072266 0.088542
0 0.967285 0.442057 0.065430 0.027344
0 0.152344 0.511719 0.304688 0.216146
0 0.750488 0.388672 0.040039 0.048177
0 0.646973 0.374349 0.049805 0.024740
0 0.695801 0.369141 0.038086 0.027344
0 0.464355 0.434245 0.340820 0.240885
0 0.579102 0.300130 0.025391 0.032552
0 0.552734 0.305990 0.021484 0.044271
0 0.533203 0.301432 0.015625 0.035156
0 0.911133 0.292969 0.058594 0.080729
0 0.196289 0.278646 0.218750 0.104167
0 0.853027 0.216797 0.086914 0.061198
0 0.095703 0.210938 0.050781 0.059896
0 0.459961 0.183594 0.019531 0.031250
0 0.580566 0.172526 0.028320 0.035156
0 0.622070 0.170573 0.037109 0.033854
0 0.666504 0.182943 0.071289 0.074219
0 0.766602 0.162109 0.085938 0.035156
0 0.805664 0.147786 0.033203 0.032552
0 0.445312 0.149089 0.031250 0.045573
0 0.481934 0.140625 0.036133 0.041667
0 0.737793 0.130859 0.049805 0.055990
0 0.648438 0.126953 0.021484 0.050781
0 0.991699 0.113281 0.016602 0.041667
0 0.637207 0.093099 0.040039 0.029948
0 0.744141 0.092448 0.031250 0.044271
0 0.224121 0.083984 0.036133 0.045573
0 0.262207 0.083984 0.036133 0.061198
0 0.507324 0.062500 0.028320 0.041667
0 0.452148 0.062500 0.021484 0.041667
0 0.402832 0.061198 0.022461 0.039062
0 0.332520 0.086589 0.032227 0.089844
0 0.971680 0.045573 0.056641 0.091146
0 0.685547 0.033854 0.037109 0.067708
0 0.627441 0.031250 0.036133 0.062500