0 0.953125 0.985026 0.031250 0.027344
0 0.667969 0.984375 0.029297 0.028646
0 0.259277 0.957031 0.038086 0.020833
0 0.181152 0.953125 0.020508 0.028646
0 0.387207 0.951823 0.026367 0.031250
0 0.427246 0.951172 0.038086 0.032552
0 0.093262 0.948568 0.020508 0.037760
0 0.525391 0.945964 0.089844 0.042969
0 0.684570 0.938802 0.046875 0.039062
0 0.018555 0.940755 0.017578 0.053385
0 0.320312 0.938151 0.029297 0.058594
0 0.962891 0.922526 0.062500 0.035156
0 0.411133 0.915365 0.035156 0.039062
0 0.346191 0.923828 0.036133 0.055990
0 0.275391 0.914062 0.042969 0.036458
0 0.921875 0.917318 0.031250 0.050781
0 0.653809 0.910156 0.071289 0.062500
0 0.147461 0.923177 0.078125 0.088542
0 0.062012 0.921224 0.045898 0.092448
0 0.412109 0.877604 0.078125 0.033854
0 0.229492 0.870443 0.027344 0.037760
0 0.375488 0.863281 0.043945 0.062500
0 0.442383 0.837240 0.027344 0.031250
0 0.293945 0.816406 0.048828 0.044271
0 0.957031 0.843099 0.085938 0.105469
0 0.157715 0.809245 0.022461 0.048177
0 0.299805 0.836589 0.169922 0.115885
0 0.555664 0.884766 0.160156 0.227865
0 0.300781 0.783854 0.056641 0.036458
0 0.239258 0.777344 0.029297 0.031250
0 0.423340 0.772135 0.043945 0.026042
0 0.783203 0.871745 0.253906 0.253906
0 0.196289 0.783203 0.062500 0.121094
0 0.091309 0.745443 0.016602 0.066406
0 0.988281 0.720703 0.023438 0.045573
0 0.156250 0.792318 0.093750 0.204427
0 0.193359 0.667318 0.042969 0.042969
0 0.225098 0.631510 0.043945 0.031250
0 0.151367 0.598958 0.025391 0.026042
0 0.669922 0.587240 0.050781 0.036458
0 0.871094 0.625000 0.257812 0.197917
0 0.645996 0.400391 0.043945 0.042969
0 0.497070 0.452474 0.080078 0.160156
0 0.861816 0.462891 0.276367 0.204427
0 0.916992 0.256510 0.033203 0.041667
0 0.915039 0.216797 0.068359 0.029948
0 0.015625 0.211589 0.031250 0.045573
0 0.791504 0.123047 0.040039 0.032552
0 0.692871 0.120443 0.034180 0.032552
0 0.762207 0.192057 0.260742 0.183594
0 0.747559 0.100260 0.057617 0.033854
0 0.617188 0.092448 0.041016 0.031250
0 0.829102 0.085938 0.031250 0.026042
0 0.699219 0.095703 0.037109 0.048177
0 0.730957 0.057292 0.036133 0.028646
0 0.694824 0.052734 0.038086 0.019531
0 0.596680 0.041667 0.035156 0.057292
0 0.981934 0.110026 0.036133 0.220052
0 0.944824 0.035156 0.034180 0.070312
0 0.913086 0.012370 0.023438 0.024740
0 0.789551 0.044271 0.067383 0.088542
0 0.613281 0.020182 0.031250 0.040365
0 0.328613 0.437500 0.657227 0.875000