0 0.984375 0.972656 0.031250 0.052083
0 0.911133 0.927734 0.039062 0.035156
0 0.397949 0.931641 0.135742 0.071615
0 0.129395 0.904297 0.034180 0.027344
0 0.286621 0.880208 0.041992 0.028646
0 0.235840 0.879557 0.030273 0.029948
0 0.979492 0.887370 0.041016 0.055990
0 0.008301 0.861979 0.016602 0.062500
0 0.165527 0.837891 0.032227 0.022135
0 0.987305 0.835938 0.025391 0.033854
0 0.860840 0.908854 0.198242 0.179688
0 0.585449 0.832031 0.034180 0.026042
0 0.493164 0.825521 0.033203 0.052083
0 0.041504 0.811849 0.049805 0.037760
0 0.968262 0.798828 0.026367 0.035156
0 0.548828 0.798177 0.031250 0.033854
0 0.132812 0.787760 0.037109 0.033854
0 0.842773 0.785807 0.039062 0.035156
0 0.918457 0.790365 0.053711 0.052083
0 0.532227 0.778646 0.031250 0.052083
0 0.100586 0.781250 0.025391 0.065104
0 0.944824 0.759766 0.032227 0.029948
0 0.012207 0.769531 0.024414 0.057292
0 0.916504 0.753255 0.026367 0.027344
0 0.833984 0.750651 0.031250 0.024740
0 0.553711 0.729818 0.035156 0.022135
0 0.067871 0.711589 0.073242 0.087240
0 0.941895 0.703125 0.092773 0.075521
0 0.810059 0.709635 0.143555 0.098958
0 0.978516 0.686849 0.042969 0.063802
0 0.071777 0.647786 0.032227 0.050781
0 0.825195 0.649740 0.019531 0.062500
0 0.104004 0.631510 0.043945 0.031250
0 0.013672 0.626302 0.027344 0.036458
0 0.785156 0.606120 0.029297 0.032552
0 0.980957 0.621094 0.038086 0.065104
0 0.063965 0.602865 0.038086 0.028646
0 0.809570 0.556641 0.042969 0.022135
0 0.945801 0.578776 0.043945 0.074219
0 0.739746 0.575521 0.077148 0.101562
0 0.887695 0.561849 0.066406 0.076823
0 0.798340 0.524089 0.034180 0.027344
0 0.114258 0.561198 0.060547 0.109375
0 0.949707 0.507812 0.030273 0.026042
0 0.549805 0.510417 0.027344 0.049479
0 0.764648 0.501302 0.041016 0.044271
0 0.039062 0.536458 0.078125 0.125000
0 0.576660 0.478516 0.036133 0.019531
0 0.889648 0.477214 0.027344 0.027344
0 0.086426 0.447917 0.022461 0.033854
0 0.957520 0.453125 0.049805 0.049479
0 0.061035 0.467448 0.061523 0.104167
0 0.020508 0.445312 0.041016 0.062500
0 0.100586 0.427083 0.021484 0.031250
0 0.894531 0.432943 0.041016 0.048177
0 0.073730 0.421875 0.022461 0.033854
0 0.113770 0.417318 0.032227 0.048177
0 0.815430 0.413411 0.062500 0.048177
0 0.183105 0.468099 0.206055 0.191406
0 0.136230 0.375651 0.040039 0.027344
0 0.904785 0.369141 0.047852 0.045573
0 0.814941 0.364583 0.026367 0.036458
0 0.060547 0.345703 0.054688 0.061198
0 0.108398 0.329427 0.041016 0.085938
0 0.867188 0.305990 0.027344 0.041667
0 0.830078 0.279948 0.066406 0.067708
0 0.066895 0.278646 0.041992 0.083333
0 0.955566 0.263672 0.088867 0.069010
0 0.030273 0.275391 0.060547 0.123698
0 0.839355 0.223307 0.038086 0.024740
0 0.937988 0.220703 0.038086 0.029948
0 0.891113 0.221354 0.069336 0.046875
0 0.032227 0.218099 0.027344 0.050781
0 0.721191 0.202474 0.055664 0.042969
0 0.072266 0.180339 0.042969 0.042969
0 0.747559 0.156250 0.053711 0.039062
0 0.103027 0.152995 0.053711 0.037760
0 0.847168 0.151693 0.024414 0.045573
0 0.822754 0.149740 0.055664 0.044271
0 0.790039 0.123047 0.044922 0.053385
0 0.742676 0.114583 0.020508 0.044271
0 0.171387 0.229167 0.161133 0.294271
0 0.046875 0.112630 0.093750 0.061198
0 0.813965 0.083984 0.036133 0.035156
0 0.547852 0.061849 0.035156 0.022135
0 0.386230 0.110026 0.141602 0.136719
0 0.782227 0.046875 0.144531 0.093750
0 0.471680 0.447266 0.757812 0.894531