0 0.048340 0.945964 0.077148 0.042969
0 0.031250 0.920573 0.044922 0.015625
0 0.187500 0.931641 0.070312 0.071615
0 0.126953 0.911458 0.054688 0.072917
0 0.105469 0.921224 0.054688 0.092448
0 0.500000 0.778646 0.037109 0.036458
0 0.196289 0.798177 0.060547 0.098958
0 0.487305 0.731120 0.044922 0.045573
0 0.019043 0.672526 0.038086 0.040365
0 0.021484 0.649089 0.042969 0.055990
0 0.475098 0.578776 0.038086 0.032552
0 0.960938 0.548177 0.072266 0.054688
0 0.754395 0.522135 0.051758 0.078125
0 0.836914 0.510417 0.021484 0.057292
0 0.777832 0.447917 0.020508 0.044271
0 0.841797 0.440755 0.041016 0.076823
0 0.797363 0.444661 0.028320 0.092448
0 0.978027 0.411458 0.041992 0.046875
0 0.455078 0.387370 0.033203 0.032552
0 0.535645 0.461589 0.213867 0.214844
0 0.774902 0.387370 0.018555 0.071615
0 0.130859 0.612630 0.261719 0.563802
0 0.590820 0.327474 0.066406 0.045573
0 0.845703 0.361979 0.095703 0.127604
0 0.785156 0.322917 0.042969 0.059896
0 0.882812 0.300781 0.021484 0.052083
0 0.832031 0.270833 0.027344 0.028646
0 0.219238 0.272786 0.022461 0.037760
0 0.664551 0.368490 0.079102 0.257812
0 0.796387 0.263672 0.069336 0.066406
0 0.148926 0.240885 0.051758 0.031250
0 0.922363 0.289062 0.038086 0.130208
0 0.953613 0.240234 0.090820 0.089844
0 0.086914 0.216146 0.068359 0.065104
0 0.529297 0.184896 0.029297 0.039062
0 0.797363 0.185547 0.057617 0.058594
0 0.025879 0.173828 0.051758 0.061198
0 0.757324 0.146484 0.038086 0.045573
0 0.144043 0.179688 0.120117 0.125000
0 0.609863 0.143880 0.028320 0.076823
0 0.588379 0.139974 0.024414 0.079427
0 0.648926 0.185547 0.075195 0.186198
0 0.533691 0.128906 0.055664 0.072917
0 0.518555 0.108073 0.029297 0.031250
0 0.487305 0.125000 0.042969 0.065104
0 0.796387 0.130208 0.041992 0.091146
0 0.048340 0.110677 0.071289 0.057292
0 0.315918 0.053385 0.030273 0.023438
0 0.882324 0.057292 0.026367 0.039062
0 0.945312 0.039062 0.109375 0.078125
0 0.833496 0.009766 0.026367 0.019531
0 0.815918 0.074870 0.083008 0.149740
0 0.779785 0.037109 0.049805 0.074219
0 0.666992 0.032552 0.044922 0.065104
0 0.626465 0.031901 0.014648 0.063802
0 0.581055 0.018880 0.029297 0.037760