0 0.050293 0.864583 0.041992 0.023438
0 0.225098 0.871094 0.077148 0.046875
0 0.346191 0.858073 0.022461 0.052083
0 0.248047 0.831380 0.023438 0.027344
0 0.396973 0.827474 0.014648 0.032552
0 0.051270 0.832031 0.059570 0.054688
0 0.446777 0.848958 0.043945 0.091146
0 0.164062 0.817708 0.027344 0.033854
0 0.541016 0.844401 0.072266 0.100260
0 0.321777 0.825521 0.041992 0.072917
0 0.416992 0.804688 0.029297 0.096354
0 0.374512 0.735677 0.047852 0.049479
0 0.337891 0.703776 0.031250 0.027344
0 0.394531 0.691406 0.072266 0.101562
0 0.248535 0.658203 0.045898 0.045573
0 0.463379 0.711589 0.096680 0.170573
0 0.364746 0.647135 0.081055 0.067708
0 0.189941 0.600260 0.051758 0.031250
0 0.310059 0.615234 0.057617 0.074219
0 0.483398 0.588542 0.058594 0.049479
0 0.500488 0.574219 0.053711 0.049479
0 0.455078 0.594401 0.093750 0.092448
0 0.343262 0.570964 0.040039 0.045573
0 0.185059 0.562500 0.041992 0.041667
0 0.323242 0.540365 0.031250 0.031250
0 0.162109 0.667969 0.324219 0.328125
0 0.352051 0.522786 0.024414 0.050781
0 0.244141 0.513672 0.025391 0.035156
0 0.392578 0.529297 0.064453 0.095052
0 0.213867 0.516276 0.039062 0.076823
0 0.163574 0.501302 0.063477 0.054688
0 0.130371 0.488281 0.026367 0.041667
0 0.104980 0.477214 0.036133 0.066406
0 0.294434 0.470703 0.067383 0.061198
0 0.172852 0.457682 0.052734 0.042969
0 0.389648 0.450521 0.052734 0.049479
0 0.060059 0.466146 0.071289 0.083333
0 0.229492 0.428385 0.025391 0.026042
0 0.395996 0.412760 0.034180 0.028646
0 0.088379 0.405599 0.069336 0.040365
0 0.286621 0.389323 0.038086 0.031250
0 0.030273 0.374349 0.031250 0.029948
0 0.944824 0.378255 0.040039 0.045573
0 0.900391 0.365885 0.058594 0.054688
0 0.955566 0.321615 0.041992 0.031250
0 0.892090 0.319010 0.079102 0.044271
0 0.632324 0.289714 0.026367 0.037760
0 0.913086 0.272135 0.021484 0.031250
0 0.851562 0.268229 0.023438 0.041667
0 0.878418 0.239583 0.030273 0.023438
0 0.960938 0.253255 0.078125 0.074219
0 0.073242 0.201823 0.027344 0.020833
0 0.636230 0.169271 0.065430 0.062500
0 0.271484 0.120443 0.035156 0.074219
0 0.500000 0.540365 1.000000 0.916667
0 0.084473 0.115885 0.043945 0.067708
0 0.992188 0.089193 0.015625 0.050781
0 0.241211 0.079427 0.031250 0.033854
0 0.740234 0.076172 0.031250 0.042969
0 0.255371 0.055990 0.038086 0.028646
0 0.508789 0.114583 0.451172 0.187500
0 0.949707 0.009766 0.041992 0.019531
0 0.779785 0.119141 0.202148 0.238281
0 0.570801 0.023438 0.124023 0.046875