0 0.925781 0.973958 0.125000 0.049479
0 0.196289 0.947917 0.039062 0.039062
0 0.237305 0.947266 0.039062 0.040365
0 0.296387 0.931641 0.112305 0.071615
0 0.329102 0.871745 0.091797 0.045573
0 0.424805 0.842448 0.119141 0.104167
0 0.399902 0.807943 0.041992 0.045573
0 0.008789 0.788411 0.017578 0.037760
0 0.456055 0.776042 0.044922 0.039062
0 0.543945 0.766276 0.044922 0.035156
0 0.588379 0.769531 0.043945 0.062500
0 0.719727 0.799479 0.119141 0.140625
0 0.521484 0.710286 0.025391 0.027344
0 0.669922 0.718750 0.083984 0.059896
0 0.491699 0.611328 0.045898 0.053385
0 0.690430 0.529297 0.044922 0.042969
0 0.657227 0.742839 0.449219 0.511719
0 0.616699 0.460938 0.071289 0.057292
0 0.781738 0.391276 0.038086 0.035156
0 0.011230 0.363932 0.022461 0.032552
0 0.362305 0.345052 0.031250 0.059896
0 0.022949 0.320964 0.045898 0.029948
0 0.992188 0.172526 0.015625 0.082031
0 0.054688 0.106120 0.058594 0.048177
0 0.669434 0.087240 0.036133 0.067708
0 0.500000 0.509115 1.000000 0.916667
0 0.633301 0.065104 0.024414 0.033854
0 0.731445 0.061198 0.052734 0.036458
0 0.298828 0.229167 0.257812 0.375000
0 0.522461 0.059245 0.181641 0.076823
0 0.986328 0.029297 0.027344 0.058594
0 0.656250 0.032552 0.035156 0.065104