0 0.725098 0.924479 0.026367 0.023438
0 0.064453 0.862630 0.033203 0.024740
0 0.348145 0.817708 0.047852 0.059896
0 0.699707 0.769531 0.022461 0.041667
0 0.910156 0.747396 0.031250 0.031250
0 0.481445 0.750651 0.216797 0.071615
0 0.026855 0.725260 0.043945 0.031250
0 0.222656 0.719401 0.035156 0.040365
0 0.646973 0.651693 0.053711 0.053385
0 0.310547 0.627604 0.039062 0.026042
0 0.408203 0.613281 0.134766 0.052083
0 0.541992 0.607422 0.054688 0.042969
0 0.497070 0.608724 0.031250 0.045573
0 0.286133 0.594401 0.035156 0.037760
0 0.755859 0.591146 0.169922 0.057292
0 0.494141 0.565755 0.042969 0.037760
0 0.445312 0.558594 0.046875 0.031250
0 0.585449 0.559245 0.032227 0.037760
0 0.528809 0.529948 0.045898 0.028646
0 0.580566 0.505208 0.020508 0.046875
0 0.389648 0.490234 0.037109 0.045573
0 0.777344 0.458333 0.119141 0.046875
0 0.700684 0.455078 0.030273 0.040365
0 0.974609 0.431641 0.031250 0.037760
0 0.852539 0.409505 0.031250 0.045573
0 0.490723 0.453776 0.120117 0.178385
0 0.916016 0.334635 0.048828 0.046875
0 0.792480 0.230469 0.041992 0.026042
0 0.648926 0.236328 0.034180 0.037760
0 0.914062 0.255859 0.136719 0.115885
0 0.962402 0.205078 0.075195 0.042969
0 0.012695 0.179036 0.025391 0.079427
0 0.179199 0.125000 0.047852 0.085938
0 0.139648 0.103516 0.048828 0.042969
0 0.498535 0.076172 0.034180 0.055990
0 0.794922 0.121094 0.107422 0.190104
0 0.523438 0.036458 0.027344 0.052083
0 0.240234 0.326172 0.480469 0.639323
0 0.875000 0.012370 0.048828 0.024740
0 0.818359 0.009766 0.080078 0.019531