0 0.907227 0.989583 0.039062 0.018229
0 0.859863 0.983724 0.020508 0.029948
0 0.668457 0.972656 0.045898 0.039062
0 0.938477 0.964193 0.039062 0.035156
0 0.658203 0.935547 0.041016 0.027344
0 0.672852 0.917318 0.033203 0.042969
0 0.358398 0.923828 0.058594 0.055990
0 0.329590 0.914714 0.040039 0.037760
0 0.919434 0.901693 0.026367 0.042969
0 0.383301 0.884115 0.026367 0.020833
0 0.991211 0.886068 0.017578 0.037760
0 0.460938 0.856771 0.037109 0.041667
0 0.301758 0.830729 0.033203 0.023438
0 0.149414 0.833984 0.031250 0.040365
0 0.343750 0.845052 0.083984 0.098958
0 0.542969 0.819010 0.025391 0.052083
0 0.585938 0.807292 0.027344 0.036458
0 0.988770 0.799479 0.022461 0.046875
0 0.944336 0.852214 0.111328 0.180990
0 0.449707 0.772135 0.034180 0.046875
0 0.821777 0.732422 0.032227 0.029948
0 0.019531 0.723307 0.039062 0.022135
0 0.796387 0.710938 0.020508 0.039062
0 0.601074 0.708333 0.051758 0.062500
0 0.982422 0.693359 0.035156 0.042969
0 0.832031 0.687500 0.037109 0.062500
0 0.735352 0.811198 0.306641 0.375000
0 0.816406 0.619792 0.037109 0.028646
0 0.575195 0.626953 0.042969 0.048177
0 0.599121 0.598958 0.030273 0.036458
0 0.548340 0.587891 0.028320 0.037760
0 0.645020 0.531250 0.122070 0.080729
0 0.571289 0.509115 0.039062 0.041667
0 0.317383 0.472005 0.027344 0.050781
0 0.351074 0.462240 0.040039 0.039062
0 0.239258 0.427734 0.033203 0.027344
0 0.822266 0.422526 0.044922 0.022135
0 0.333984 0.419922 0.072266 0.050781
0 0.011230 0.373698 0.022461 0.052083
0 0.009277 0.326823 0.018555 0.033854
0 0.311035 0.348307 0.125977 0.079427
0 0.183105 0.323568 0.043945 0.037760
0 0.022461 0.244792 0.039062 0.044271
0 0.453613 0.249349 0.038086 0.061198
0 0.952148 0.223307 0.078125 0.048177
0 0.315918 0.249349 0.081055 0.100260
0 0.936035 0.201823 0.041992 0.031250
0 0.407715 0.199219 0.030273 0.059896
0 0.019043 0.188802 0.032227 0.054688
0 0.786621 0.162109 0.024414 0.035156
0 0.839844 0.162109 0.039062 0.048177
0 0.263672 0.149740 0.039062 0.083333
0 0.818848 0.139323 0.053711 0.072917
0 0.382812 0.202474 0.216797 0.220052
0 0.034668 0.117188 0.069336 0.067708
0 0.116211 0.397786 0.232422 0.631510
0 0.640625 0.078776 0.062500 0.024740
0 0.350098 0.078776 0.182617 0.027344
0 0.643066 0.364583 0.645508 0.643229
0 0.473633 0.053385 0.033203 0.023438
0 0.428223 0.053385 0.051758 0.023438
0 0.364746 0.053385 0.041992 0.023438
0 0.986816 0.051432 0.026367 0.102865
0 0.655273 0.032552 0.062500 0.065104
0 0.655273 0.013672 0.041016 0.027344
0 0.605957 0.020182 0.026367 0.040365
0 0.231445 0.042318 0.033203 0.084635