0 0.914062 0.974609 0.087891 0.048177
0 0.955078 0.964193 0.041016 0.058594
0 0.983887 0.963542 0.032227 0.070312
0 0.842773 0.895182 0.029297 0.045573
0 0.968262 0.902344 0.063477 0.062500
0 0.955566 0.857422 0.032227 0.053385
0 0.066406 0.789714 0.027344 0.024740
0 0.086426 0.760417 0.032227 0.039062
0 0.908203 0.712891 0.044922 0.029948
0 0.778809 0.708333 0.040039 0.041667
0 0.407227 0.791016 0.380859 0.207031
0 0.889160 0.686849 0.026367 0.029948
0 0.588867 0.665365 0.029297 0.033854
0 0.174805 0.645182 0.039062 0.058594
0 0.745605 0.623047 0.030273 0.022135
0 0.023438 0.625651 0.046875 0.058594
0 0.219727 0.603516 0.033203 0.040365
0 0.704590 0.636068 0.229492 0.183594
0 0.020508 0.587891 0.041016 0.087240
0 0.416016 0.511719 0.058594 0.054688
0 0.871582 0.486328 0.092773 0.069010
0 0.459961 0.589193 0.714844 0.402344
0 0.456055 0.463542 0.158203 0.174479
0 0.418945 0.392578 0.037109 0.037760
0 0.706055 0.384115 0.025391 0.033854
0 0.229492 0.378906 0.083984 0.078125
0 0.320801 0.325521 0.032227 0.039062
0 0.468750 0.309896 0.033203 0.028646
0 0.670410 0.300781 0.034180 0.033854
0 0.029785 0.290365 0.038086 0.031250
0 0.433105 0.298828 0.059570 0.074219
0 0.599609 0.309245 0.130859 0.105469
0 0.672363 0.268229 0.028320 0.031250
0 0.566406 0.200521 0.041016 0.023438
0 0.860352 0.194010 0.050781 0.049479
0 0.925781 0.270833 0.148438 0.208333
0 0.193359 0.108724 0.050781 0.053385
0 0.152344 0.118490 0.044922 0.072917
0 0.061523 0.162760 0.080078 0.161458
0 0.020020 0.142578 0.040039 0.121094
0 0.453613 0.069010 0.045898 0.054688
0 0.422852 0.066406 0.050781 0.049479
0 0.214844 0.319661 0.429688 0.555990
0 0.256348 0.091146 0.057617 0.098958
0 0.874023 0.047526 0.029297 0.042969
0 0.225098 0.048177 0.022461 0.052083
0 0.853516 0.085286 0.191406 0.170573
0 0.684570 0.200521 0.298828 0.401042
0 0.530273 0.035156 0.042969 0.070312