0 0.608398 0.979818 0.035156 0.037760
0 0.621582 0.843099 0.063477 0.045573
0 0.590332 0.761068 0.057617 0.053385
0 0.706543 0.634115 0.063477 0.036458
0 0.392090 0.643880 0.049805 0.055990
0 0.797363 0.575521 0.061523 0.046875
0 0.324707 0.615885 0.098633 0.135417
0 0.837891 0.547526 0.093750 0.037760
0 0.576660 0.461589 0.020508 0.037760
0 0.652344 0.432943 0.023438 0.037760
0 0.516602 0.450521 0.091797 0.153646
0 0.907715 0.392578 0.079102 0.076823
0 0.978516 0.298177 0.042969 0.044271
0 0.527344 0.152995 0.054688 0.032552