0 0.156738 0.948568 0.032227 0.037760
0 0.242188 0.941406 0.029297 0.028646
0 0.039551 0.938802 0.071289 0.057292
0 0.415527 0.915365 0.036133 0.039062
0 0.299805 0.925781 0.066406 0.059896
0 0.228027 0.911458 0.049805 0.031250
0 0.752930 0.903646 0.044922 0.033854
0 0.083008 0.892578 0.019531 0.035156
0 0.314941 0.880208 0.045898 0.028646
0 0.271484 0.875000 0.058594 0.039062
0 0.009766 0.852214 0.019531 0.045573
0 0.229004 0.788411 0.036133 0.042969
0 0.153809 0.820964 0.112305 0.147135
0 0.241699 0.749349 0.028320 0.037760
0 0.332031 0.707682 0.023438 0.037760
0 0.288086 0.703125 0.023438 0.041667
0 0.363770 0.678385 0.055664 0.039062
0 0.203125 0.678385 0.039062 0.044271
0 0.007324 0.671875 0.014648 0.057292
0 0.272461 0.639323 0.056641 0.026042
0 0.155273 0.655599 0.056641 0.108073
0 0.162598 0.601562 0.024414 0.033854
0 0.204590 0.587240 0.041992 0.046875
0 0.143066 0.579427 0.041992 0.046875
0 0.246582 0.570964 0.030273 0.035156
0 0.566895 0.550781 0.038086 0.046875
0 0.692383 0.759766 0.396484 0.472656
0 0.010254 0.485677 0.020508 0.054688
0 0.558105 0.457682 0.053711 0.087240
0 0.579102 0.408203 0.027344 0.040365
0 0.049316 0.402995 0.036133 0.048177
0 0.533203 0.415365 0.066406 0.111979
0 0.618164 0.362630 0.044922 0.045573
0 0.074219 0.333333 0.027344 0.046875
0 0.747559 0.315755 0.024414 0.029948
0 0.083984 0.576172 0.167969 0.597656
0 0.534668 0.292969 0.034180 0.041667
0 0.334961 0.317708 0.070312 0.096354
0 0.051758 0.277995 0.052734 0.032552
0 0.216309 0.273438 0.041992 0.026042
0 0.981445 0.226562 0.037109 0.046875
0 0.351074 0.221354 0.024414 0.062500
0 0.314453 0.204427 0.031250 0.044271
0 0.583984 0.190755 0.025391 0.045573
0 0.250488 0.210938 0.098633 0.104167
0 0.361816 0.176432 0.032227 0.074219
0 0.180664 0.155599 0.031250 0.032552
0 0.608398 0.146484 0.042969 0.019531
0 0.415527 0.567708 0.514648 0.861979
0 0.992188 0.164714 0.015625 0.061198
0 0.824707 0.138021 0.057617 0.098958
0 0.345703 0.105469 0.023438 0.044271
0 0.691406 0.098958 0.021484 0.041667
0 0.991699 0.104167 0.016602 0.059896
0 0.234375 0.105469 0.089844 0.078125
0 0.387695 0.076823 0.035156 0.070312
0 0.299805 0.095703 0.082031 0.108073
0 0.638184 0.037760 0.020508 0.036458
0 0.888184 0.009766 0.049805 0.019531
0 0.791016 0.044922 0.058594 0.089844
0 0.679199 0.037109 0.088867 0.074219
0 0.729980 0.499349 0.540039 0.998698