0 0.826660 0.983073 0.034180 0.031250
0 0.943848 0.981771 0.028320 0.033854
0 0.551758 0.934896 0.027344 0.028646
0 0.359863 0.931641 0.069336 0.071615
0 0.957031 0.902344 0.029297 0.039062
0 0.105957 0.921224 0.188477 0.092448
0 0.032715 0.884766 0.065430 0.019531
0 0.647949 0.899740 0.038086 0.057292
0 0.918945 0.869141 0.019531 0.045573
0 0.725586 0.854167 0.039062 0.062500
0 0.935059 0.835938 0.016602 0.028646
0 0.831543 0.830729 0.024414 0.104167
0 0.875488 0.795573 0.049805 0.062500
0 0.797852 0.770182 0.039062 0.035156
0 0.172852 0.754557 0.035156 0.045573
0 0.933594 0.727214 0.060547 0.053385
0 0.147949 0.793620 0.295898 0.201823
0 0.988770 0.684245 0.022461 0.055990
0 0.027344 0.675130 0.054688 0.069010
0 0.948730 0.711589 0.102539 0.212240
0 0.975586 0.612630 0.048828 0.063802
0 0.846191 0.576823 0.014648 0.044271
0 0.076172 0.615885 0.152344 0.135417
0 0.847168 0.535156 0.030273 0.036458
0 0.929688 0.558594 0.140625 0.119792
0 0.809082 0.518229 0.038086 0.057292
0 0.164062 0.475260 0.048828 0.041667
0 0.847656 0.473307 0.017578 0.042969
0 0.931152 0.480469 0.055664 0.062500
0 0.864746 0.417969 0.024414 0.057292
0 0.785645 0.400391 0.043945 0.037760
0 0.971191 0.395833 0.024414 0.041667
0 0.166504 0.380208 0.032227 0.020833
0 0.693359 0.360677 0.027344 0.036458
0 0.935547 0.371745 0.041016 0.069010
0 0.756348 0.366536 0.104492 0.079427
0 0.650879 0.343750 0.041992 0.039062
0 0.056641 0.313151 0.033203 0.029948
0 0.019043 0.297526 0.038086 0.048177
0 0.984863 0.294271 0.030273 0.065104
0 0.393555 0.574219 0.212891 0.640625
0 0.764648 0.281901 0.044922 0.071615
0 0.732910 0.266276 0.038086 0.040365
0 0.806641 0.314453 0.050781 0.139323
0 0.643555 0.610026 0.392578 0.777344
0 0.429688 0.231771 0.044922 0.033854
0 0.809082 0.233724 0.053711 0.042969
0 0.473145 0.208984 0.040039 0.040365
0 0.969238 0.215495 0.061523 0.058594
0 0.911621 0.220703 0.041992 0.069010
0 0.761230 0.218099 0.045898 0.066406
0 0.799316 0.192708 0.061523 0.054688
0 0.835938 0.196615 0.048828 0.065104
0 0.364746 0.173177 0.049805 0.039062
0 0.537598 0.156250 0.034180 0.046875
0 0.255859 0.149089 0.039062 0.040365
0 0.643555 0.177083 0.117188 0.127604
0 0.171387 0.100260 0.041992 0.036458
0 0.127930 0.212240 0.255859 0.260417
0 0.820801 0.119141 0.057617 0.087240
0 0.415039 0.053385 0.029297 0.023438
0 0.843750 0.095052 0.312500 0.190104
0 0.672852 0.026042 0.029297 0.052083