0 0.810547 0.977214 0.035156 0.042969
0 0.881348 0.882812 0.024414 0.033854
0 0.043945 0.854818 0.087891 0.069010
0 0.578125 0.813802 0.025391 0.036458
0 0.469727 0.785807 0.044922 0.050781
0 0.622070 0.761719 0.044922 0.036458
0 0.105957 0.735677 0.032227 0.031250
0 0.271484 0.806641 0.371094 0.175781
0 0.537109 0.681641 0.037109 0.027344
0 0.704590 0.819661 0.243164 0.358073
0 0.845703 0.643229 0.046875 0.033854
0 0.699707 0.634766 0.067383 0.045573
0 0.442383 0.617839 0.072266 0.061198
0 0.031738 0.597656 0.022461 0.059896
0 0.687012 0.588542 0.057617 0.065104
0 0.726074 0.586589 0.032227 0.074219
0 0.526855 0.670573 0.268555 0.281250
0 0.122070 0.673177 0.244141 0.307292
0 0.041992 0.520833 0.050781 0.067708
0 0.093750 0.517578 0.070312 0.071615
0 0.475586 0.488281 0.027344 0.026042
0 0.888184 0.538411 0.065430 0.131510
0 0.399414 0.486979 0.027344 0.031250
0 0.085938 0.472656 0.039062 0.026042
0 0.235352 0.523438 0.121094 0.156250
0 0.636719 0.483724 0.080078 0.105469
0 0.298340 0.452474 0.022461 0.048177
0 0.227539 0.458333 0.095703 0.101562
0 0.681152 0.422526 0.040039 0.035156
0 0.174805 0.449870 0.066406 0.095052
0 0.966797 0.442708 0.066406 0.083333
0 0.380859 0.451823 0.093750 0.111979
0 0.056152 0.416016 0.055664 0.053385
0 0.536621 0.453776 0.137695 0.160156
0 0.591309 0.381510 0.034180 0.023438
0 0.444336 0.429036 0.072266 0.134115
0 0.316895 0.398438 0.047852 0.091146
0 0.265625 0.368490 0.019531 0.033854
0 0.141113 0.355469 0.040039 0.044271
0 0.185547 0.367839 0.080078 0.071615
0 0.014648 0.357422 0.029297 0.053385
0 0.685059 0.339844 0.036133 0.039062
0 0.072754 0.337240 0.022461 0.039062
0 0.404785 0.341146 0.057617 0.054688
0 0.188477 0.332031 0.046875 0.036458
0 0.467285 0.333333 0.026367 0.059896
0 0.396484 0.321615 0.029297 0.036458
0 0.946289 0.304036 0.046875 0.050781
0 0.577148 0.298828 0.029297 0.040365
0 0.030762 0.311849 0.053711 0.079427
0 0.888672 0.280599 0.031250 0.040365
0 0.385254 0.280599 0.075195 0.050781
0 0.225098 0.270833 0.047852 0.065104
0 0.224121 0.240234 0.030273 0.027344
0 0.188965 0.237630 0.038086 0.027344
0 0.591309 0.233073 0.049805 0.088542
0 0.915527 0.196615 0.038086 0.020833
0 0.316406 0.197266 0.042969 0.035156
0 0.270020 0.208984 0.049805 0.079427
0 0.481445 0.186849 0.033203 0.040365
0 0.174805 0.181641 0.025391 0.040365
0 0.630859 0.180339 0.031250 0.055990
0 0.685059 0.166016 0.069336 0.066406
0 0.512695 0.161458 0.039062 0.057292
0 0.466309 0.161458 0.034180 0.057292
0 0.375488 0.168620 0.088867 0.071615
0 0.264160 0.114583 0.040039 0.044271
0 0.201172 0.104167 0.031250 0.044271
0 0.100098 0.095703 0.053711 0.027344
0 0.480957 0.053385 0.043945 0.023438
0 0.421875 0.053385 0.044922 0.023438
0 0.238281 0.063151 0.052734 0.042969
0 0.956055 0.218750 0.087891 0.375000
0 0.575684 0.033203 0.043945 0.063802
0 0.982422 0.009766 0.035156 0.019531
0 0.752930 0.192057 0.312500 0.384115