0 0.460938 0.939453 0.031250 0.035156
0 0.530273 0.931641 0.095703 0.071615
0 0.342773 0.877604 0.029297 0.033854
0 0.331055 0.827474 0.023438 0.035156
0 0.161133 0.835286 0.322266 0.264323
0 0.475586 0.794922 0.232422 0.204427
0 0.593750 0.690104 0.029297 0.041667
0 0.252930 0.684245 0.029297 0.032552
0 0.927734 0.664062 0.027344 0.023438
0 0.441895 0.666016 0.030273 0.040365
0 0.018555 0.656901 0.037109 0.042969
0 0.059570 0.669922 0.085938 0.074219
0 0.957520 0.586589 0.030273 0.035156
0 0.259277 0.487630 0.040039 0.037760
0 0.709961 0.561849 0.576172 0.373698
0 0.674805 0.342448 0.031250 0.054688
0 0.442871 0.302734 0.028320 0.029948
0 0.629883 0.283203 0.033203 0.037760
0 0.634766 0.425781 0.703125 0.388021
0 0.679199 0.284505 0.090820 0.110677
0 0.491699 0.223958 0.045898 0.039062
0 0.957031 0.224609 0.085938 0.076823
0 0.014648 0.161458 0.029297 0.044271
0 0.064453 0.106771 0.128906 0.049479
0 0.837402 0.132812 0.047852 0.114583
0 0.394043 0.061849 0.028320 0.040365
0 0.650391 0.052734 0.023438 0.035156
0 0.977539 0.020182 0.044922 0.040365
0 0.829590 0.041667 0.122070 0.083333
0 0.314941 0.319010 0.629883 0.638021
0 0.281250 0.091146 0.208984 0.182292