0 0.338379 0.949219 0.043945 0.036458
0 0.557129 0.931641 0.049805 0.071615
0 0.427734 0.911458 0.031250 0.031250
0 0.409180 0.931641 0.093750 0.071615
0 0.253418 0.902344 0.036133 0.013021
0 0.135254 0.931641 0.083008 0.071615
0 0.712402 0.914714 0.022461 0.045573
0 0.123047 0.892578 0.025391 0.035156
0 0.976562 0.871094 0.027344 0.036458
0 0.223145 0.860677 0.022461 0.039062
0 0.045410 0.857422 0.045898 0.035156
0 0.938965 0.850911 0.028320 0.045573
0 0.243652 0.852214 0.022461 0.055990
0 0.883301 0.907552 0.233398 0.182292
0 0.312012 0.812500 0.036133 0.026042
0 0.595703 0.804036 0.029297 0.040365
0 0.803711 0.723958 0.070312 0.052083
0 0.913086 0.710286 0.031250 0.040365
0 0.801270 0.695312 0.036133 0.039062
0 0.757324 0.677734 0.038086 0.061198
0 0.855957 0.646484 0.030273 0.037760
0 0.399902 0.651693 0.018555 0.048177
0 0.562500 0.811198 0.443359 0.375000
0 0.370117 0.627604 0.042969 0.075521
0 0.645020 0.664062 0.198242 0.208333
0 0.907715 0.578776 0.020508 0.053385
0 0.932129 0.620443 0.135742 0.152344
0 0.505371 0.546224 0.036133 0.022135
0 0.982422 0.539062 0.035156 0.049479
0 0.946289 0.524740 0.056641 0.039062
0 0.856934 0.497396 0.034180 0.020833
0 0.895996 0.479818 0.032227 0.024740
0 0.911133 0.502604 0.115234 0.111979
0 0.989746 0.464193 0.020508 0.048177
0 0.833496 0.499349 0.081055 0.118490
0 0.888184 0.442057 0.020508 0.037760
0 0.783691 0.417318 0.020508 0.029948
0 0.832520 0.434896 0.051758 0.070312
0 0.760742 0.415365 0.025391 0.041667
0 0.023926 0.409505 0.038086 0.055990
0 0.745117 0.386719 0.042969 0.031250
0 0.791016 0.376302 0.048828 0.057292
0 0.986816 0.365885 0.026367 0.044271
0 0.784668 0.319010 0.024414 0.026042
0 0.855469 0.349609 0.074219 0.097656
0 0.866211 0.305339 0.076172 0.102865
0 0.733398 0.300781 0.123047 0.104167
0 0.253418 0.236328 0.040039 0.022135
0 0.888184 0.246094 0.032227 0.044271
0 0.485352 0.239583 0.027344 0.031250
0 0.024414 0.239583 0.048828 0.044271
0 0.980469 0.237630 0.039062 0.042969
0 0.948730 0.227214 0.040039 0.040365
0 0.911621 0.220703 0.038086 0.069010
0 0.674805 0.166667 0.042969 0.044271
0 0.478516 0.136719 0.037109 0.057292
0 0.989746 0.169271 0.020508 0.125000
0 0.551270 0.154948 0.133789 0.125000
0 0.161133 0.129557 0.169922 0.095052
0 0.035645 0.111979 0.071289 0.059896
0 0.583984 0.078776 0.064453 0.024740
0 0.413086 0.477865 0.826172 0.833333
0 0.990723 0.068359 0.018555 0.066406
0 0.791504 0.032552 0.043945 0.057292
0 0.965332 0.009766 0.069336 0.019531
0 0.870117 0.009766 0.035156 0.019531
0 0.576172 0.032552 0.066406 0.065104
0 0.226562 0.042318 0.027344 0.084635