0 0.955566 0.944661 0.012695 0.045573
0 0.938477 0.951172 0.021484 0.063802
0 0.988770 0.924479 0.022461 0.036458
0 0.436523 0.931641 0.105469 0.071615
0 0.790527 0.893880 0.022461 0.037760
0 0.277832 0.878255 0.036133 0.032552
0 0.077148 0.862630 0.029297 0.024740
0 0.867676 0.881510 0.055664 0.065104
0 0.233398 0.852214 0.031250 0.042969
0 0.346680 0.861979 0.097656 0.065104
0 0.138184 0.861328 0.094727 0.066406
0 0.926270 0.870443 0.079102 0.144531
0 0.309570 0.807292 0.033203 0.033854
0 0.046875 0.811198 0.031250 0.046875
0 0.109375 0.795573 0.035156 0.033854
0 0.279785 0.817057 0.041992 0.079427
0 0.163086 0.793620 0.031250 0.053385
0 0.332031 0.777995 0.025391 0.029948
0 0.019531 0.797526 0.039062 0.069010
0 0.088379 0.795573 0.038086 0.091146
0 0.314453 0.756510 0.041016 0.031250
0 0.974121 0.786458 0.051758 0.098958
0 0.130371 0.745443 0.043945 0.024740
0 0.962402 0.744792 0.028320 0.044271
0 0.427246 0.800781 0.145508 0.187500
0 0.227539 0.735026 0.048828 0.069010
0 0.946289 0.705078 0.025391 0.053385
0 0.301270 0.699870 0.024414 0.042969
0 0.056152 0.713542 0.036133 0.072917
0 0.258301 0.699870 0.055664 0.079427
0 0.081055 0.686849 0.039062 0.066406
0 0.857910 0.738932 0.133789 0.188802
0 0.966797 0.650391 0.027344 0.032552
0 0.205566 0.673177 0.057617 0.080729
0 0.062988 0.626302 0.024414 0.033854
0 0.238281 0.621745 0.039062 0.027344
0 0.083984 0.608073 0.039062 0.057292
0 0.979492 0.584635 0.041016 0.044271
0 0.638672 0.777995 0.267578 0.441406
0 0.241211 0.566406 0.037109 0.026042
0 0.177246 0.613281 0.086914 0.135417
0 0.769043 0.580078 0.043945 0.082031
0 0.800293 0.555339 0.032227 0.050781
0 0.886230 0.574870 0.073242 0.102865
0 0.036133 0.552734 0.070312 0.076823
0 0.938477 0.552083 0.050781 0.083333
0 0.130859 0.526042 0.025391 0.033854
0 0.770508 0.536458 0.035156 0.093750
0 0.744629 0.515625 0.024414 0.065104
0 0.405762 0.531250 0.079102 0.098958
0 0.893555 0.498047 0.029297 0.042969
0 0.710449 0.488281 0.049805 0.044271
0 0.342773 0.477865 0.044922 0.023438
0 0.054199 0.468750 0.036133 0.033854
0 0.796387 0.460938 0.041992 0.065104
0 0.017090 0.430339 0.034180 0.035156
0 0.832031 0.435547 0.050781 0.053385
0 0.097656 0.416667 0.033203 0.026042
0 0.869629 0.414714 0.047852 0.048177
0 0.045410 0.403646 0.045898 0.036458
0 0.945801 0.406250 0.084961 0.054688
0 0.351562 0.400391 0.031250 0.050781
0 0.794434 0.393880 0.036133 0.040365
0 0.757324 0.415365 0.032227 0.083333
0 0.818848 0.371745 0.028320 0.032552
0 0.528809 0.470052 0.194336 0.229167
0 0.792480 0.360677 0.038086 0.033854
0 0.966797 0.360026 0.066406 0.048177
0 0.500977 0.337240 0.048828 0.031250
0 0.818848 0.330729 0.038086 0.036458
0 0.892578 0.336589 0.052734 0.066406
0 0.959473 0.313802 0.034180 0.026042
0 0.016113 0.304688 0.028320 0.026042
0 0.742188 0.320312 0.041016 0.059896
0 0.857910 0.296224 0.038086 0.037760
0 0.913086 0.287760 0.044922 0.033854
0 0.759766 0.294271 0.046875 0.057292
0 0.154785 0.280599 0.036133 0.032552
0 0.506836 0.262370 0.039062 0.032552
0 0.939453 0.257161 0.033203 0.024740
0 0.640137 0.343750 0.208008 0.197917
0 0.011230 0.260417 0.022461 0.033854
0 0.832031 0.258464 0.048828 0.032552
0 0.717773 0.266276 0.039062 0.053385
0 0.868652 0.236328 0.034180 0.032552
0 0.795410 0.243490 0.032227 0.049479
0 0.042480 0.227214 0.045898 0.040365
0 0.252441 0.240885 0.041992 0.080729
0 0.739746 0.228516 0.040039 0.063802
0 0.701660 0.210286 0.026367 0.035156
0 0.577148 0.217448 0.123047 0.088542
0 0.667969 0.205729 0.054688 0.067708
0 0.813477 0.180339 0.021484 0.027344
0 0.059570 0.179688 0.029297 0.041667
0 0.645020 0.164062 0.028320 0.026042
0 0.766113 0.155599 0.047852 0.032552
0 0.089844 0.159505 0.025391 0.048177
0 0.044922 0.118490 0.031250 0.044271
0 0.271973 0.402995 0.342773 0.621094
0 0.801270 0.111328 0.041992 0.045573
0 0.760742 0.067708 0.029297 0.044271
0 0.736328 0.074219 0.048828 0.062500
0 0.576660 0.067057 0.047852 0.055990
0 0.448730 0.131510 0.528320 0.190104
0 0.799316 0.042318 0.036133 0.063802
0 0.676758 0.022786 0.019531 0.045573
0 0.554688 0.016927 0.039062 0.033854