0 0.597656 0.986979 0.023438 0.023438
0 0.613281 0.961589 0.046875 0.016927
0 0.880371 0.965495 0.022461 0.042969
0 0.645020 0.968750 0.041992 0.049479
0 0.456543 0.948568 0.024414 0.037760
0 0.831543 0.960286 0.043945 0.076823
0 0.902344 0.957682 0.041016 0.082031
0 0.924316 0.942708 0.036133 0.054688
0 0.853027 0.938802 0.036133 0.072917
0 0.238770 0.880859 0.036133 0.024740
0 0.801758 0.891927 0.021484 0.049479
0 0.836426 0.885417 0.020508 0.039062
0 0.882324 0.883464 0.020508 0.040365
0 0.950195 0.897135 0.089844 0.091146
0 0.616699 0.869792 0.026367 0.036458
0 0.721680 0.923177 0.142578 0.151042
0 0.043457 0.842448 0.030273 0.028646
0 0.678711 0.839193 0.097656 0.048177
0 0.646973 0.828776 0.018555 0.027344
0 0.604492 0.751953 0.046875 0.024740
0 0.726074 0.780599 0.061523 0.128906
0 0.611328 0.724609 0.042969 0.024740
0 0.598145 0.701172 0.057617 0.042969
0 0.199707 0.663411 0.022461 0.032552
0 0.547363 0.658203 0.030273 0.032552
0 0.326172 0.568359 0.025391 0.035156
0 0.669922 0.559896 0.031250 0.031250
0 0.616211 0.545573 0.041016 0.028646
0 0.578613 0.537109 0.032227 0.048177
0 0.915527 0.506510 0.049805 0.033854
0 0.239258 0.494792 0.078125 0.031250
0 0.272461 0.412760 0.050781 0.075521
0 0.013672 0.369141 0.027344 0.037760
0 0.325684 0.349609 0.108398 0.092448
0 0.018066 0.315104 0.036133 0.044271
0 0.461914 0.286458 0.019531 0.065104
0 0.018555 0.264974 0.037109 0.066406
0 0.445312 0.249349 0.017578 0.048177
0 0.265625 0.218750 0.041016 0.028646
0 0.398438 0.194010 0.035156 0.041667
0 0.686035 0.182943 0.067383 0.058594
0 0.019531 0.180339 0.035156 0.071615
0 0.762695 0.180990 0.068359 0.098958
0 0.739746 0.136068 0.012695 0.071615
0 0.635254 0.405599 0.729492 0.626302
0 0.532715 0.111979 0.028320 0.039062
0 0.453125 0.140625 0.101562 0.096354
0 0.419434 0.185547 0.153320 0.186198
0 0.061523 0.118490 0.029297 0.052083
0 0.016113 0.125651 0.032227 0.087240
0 0.114258 0.388672 0.228516 0.634115
0 0.684570 0.078776 0.044922 0.024740
0 0.403809 0.078776 0.065430 0.024740
0 0.992188 0.098307 0.015625 0.074219
0 0.724609 0.108073 0.046875 0.130208
0 0.467285 0.053385 0.024414 0.023438
0 0.435059 0.053385 0.038086 0.023438
0 0.356445 0.053385 0.074219 0.023438
0 0.678223 0.050130 0.018555 0.029948
0 0.233887 0.055990 0.038086 0.054688
0 0.984863 0.039714 0.030273 0.079427
0 0.942383 0.020182 0.050781 0.040365
0 0.873535 0.009766 0.038086 0.019531
0 0.642090 0.030599 0.088867 0.061198
0 0.520020 0.032552 0.024414 0.065104