0 0.934082 0.982422 0.043945 0.032552
0 0.589355 0.960938 0.012695 0.075521
0 0.948242 0.924479 0.054688 0.054688
0 0.526367 0.931641 0.089844 0.071615
0 0.132812 0.921224 0.142578 0.092448
0 0.981934 0.890625 0.036133 0.052083
0 0.295898 0.841797 0.025391 0.024740
0 0.613281 0.809245 0.046875 0.045573
0 0.241699 0.706380 0.061523 0.037760
0 0.524902 0.686198 0.038086 0.036458
0 0.427734 0.663411 0.117188 0.097656
0 0.801270 0.800781 0.397461 0.395833
0 0.835449 0.596354 0.047852 0.026042
0 0.455078 0.604167 0.048828 0.041667
0 0.493164 0.598958 0.019531 0.054688
0 0.992188 0.585938 0.015625 0.065104
0 0.444336 0.561849 0.044922 0.040365
0 0.551758 0.708984 0.181641 0.371094
0 0.780762 0.522786 0.045898 0.053385
0 0.011230 0.505859 0.022461 0.027344
0 0.717773 0.479818 0.042969 0.027344
0 0.991699 0.473958 0.016602 0.041667
0 0.757812 0.464844 0.041016 0.059896
0 0.768555 0.417318 0.060547 0.035156
0 0.493164 0.438151 0.068359 0.128906
0 0.022949 0.401693 0.045898 0.076823
0 0.438477 0.380859 0.035156 0.045573
0 0.888672 0.523438 0.222656 0.361979
0 0.704590 0.352214 0.051758 0.035156
0 0.504883 0.338542 0.042969 0.046875
0 0.670898 0.332031 0.042969 0.036458
0 0.700684 0.297526 0.067383 0.042969
0 0.866211 0.250000 0.042969 0.033854
0 0.675781 0.249349 0.070312 0.042969
0 0.324707 0.249349 0.034180 0.042969
0 0.059082 0.281250 0.118164 0.195312
0 0.844727 0.297526 0.310547 0.266927
0 0.668945 0.160156 0.054688 0.023438
0 0.031738 0.153646 0.063477 0.091146
0 0.160156 0.488281 0.320312 0.812500
0 0.042969 0.128906 0.085938 0.096354
0 0.425293 0.203125 0.420898 0.333333
0 0.793457 0.013672 0.057617 0.027344
0 0.664551 0.009766 0.045898 0.019531
0 0.604004 0.039714 0.114258 0.079427
0 0.532715 0.018229 0.047852 0.036458