0 0.849121 0.989583 0.038086 0.018229
0 0.798340 0.969401 0.032227 0.037760
0 0.921875 0.961589 0.031250 0.024740
0 0.972168 0.972005 0.047852 0.053385
0 0.963379 0.913411 0.073242 0.087240
0 0.980957 0.854818 0.038086 0.032552
0 0.954102 0.824219 0.041016 0.059896
0 0.981445 0.807943 0.037109 0.061198
0 0.064941 0.804036 0.034180 0.063802
0 0.111328 0.777995 0.021484 0.029948
0 0.667480 0.880208 0.157227 0.236979
0 0.142578 0.740234 0.046875 0.053385
0 0.515137 0.788411 0.194336 0.212240
0 0.038574 0.690755 0.032227 0.022135
0 0.113770 0.684245 0.030273 0.037760
0 0.145020 0.664714 0.034180 0.024740
0 0.188965 0.666667 0.034180 0.031250
0 0.073242 0.675781 0.042969 0.057292
0 0.030762 0.664714 0.034180 0.037760
0 0.626953 0.658203 0.070312 0.066406
0 0.737305 0.626953 0.027344 0.037760
0 0.958496 0.699870 0.083008 0.188802
0 0.912598 0.615234 0.041992 0.029948
0 0.072266 0.619141 0.070312 0.050781
0 0.021973 0.625000 0.034180 0.062500
0 0.786621 0.615885 0.043945 0.046875
0 0.132812 0.621094 0.046875 0.065104
0 0.505859 0.593750 0.031250 0.028646
0 0.296387 0.596354 0.030273 0.057292
0 0.120605 0.573568 0.032227 0.027344
0 0.082031 0.580078 0.029297 0.053385
0 0.017578 0.567057 0.033203 0.042969
0 0.383301 0.539714 0.073242 0.048177
0 0.030273 0.527995 0.031250 0.029948
0 0.071289 0.526042 0.031250 0.031250
0 0.168457 0.531250 0.067383 0.065104
0 0.346680 0.428385 0.025391 0.031250
0 0.118652 0.444661 0.030273 0.071615
0 0.312988 0.422526 0.026367 0.040365
0 0.219727 0.436849 0.105469 0.082031
0 0.031250 0.412760 0.062500 0.049479
0 0.076172 0.406901 0.029297 0.048177
0 0.131348 0.387370 0.032227 0.040365
0 0.311523 0.382161 0.046875 0.032552
0 0.251953 0.396484 0.074219 0.061198
0 0.447754 0.381510 0.016602 0.044271
0 0.026367 0.376302 0.025391 0.033854
0 0.436035 0.457682 0.176758 0.209635
0 0.337891 0.360026 0.033203 0.029948
0 0.227539 0.346354 0.037109 0.036458
0 0.039551 0.346354 0.020508 0.039062
0 0.414551 0.322917 0.030273 0.033854
0 0.364746 0.324219 0.038086 0.041667
0 0.312012 0.303385 0.020508 0.044271
0 0.220703 0.304036 0.025391 0.053385
0 0.155762 0.307292 0.079102 0.072917
0 0.391602 0.292318 0.027344 0.045573
0 0.335938 0.283203 0.023438 0.066406
0 0.363770 0.268880 0.032227 0.040365
0 0.536133 0.299479 0.085938 0.109375
0 0.267090 0.281901 0.069336 0.074219
0 0.878906 0.287760 0.046875 0.122396
0 0.235352 0.254557 0.095703 0.066406
0 0.150391 0.236328 0.033203 0.035156
0 0.342285 0.235026 0.045898 0.035156
0 0.927246 0.289714 0.084961 0.147135
0 0.932617 0.243490 0.033203 0.078125
0 0.188477 0.218750 0.023438 0.028646
0 0.304688 0.222005 0.041016 0.037760
0 0.805664 0.216146 0.025391 0.046875
0 0.882812 0.211589 0.019531 0.050781
0 0.259766 0.200521 0.050781 0.049479
0 0.795898 0.198568 0.023438 0.058594
0 0.990723 0.196615 0.018555 0.070312
0 0.214844 0.188151 0.039062 0.061198
0 0.308105 0.151693 0.034180 0.045573
0 0.937012 0.135417 0.014648 0.049479
0 0.687012 0.114583 0.016602 0.044271
0 0.601074 0.227865 0.157227 0.270833
0 0.523438 0.167318 0.060547 0.149740
0 0.494141 0.170573 0.041016 0.156250
0 0.411133 0.223307 0.199219 0.261719
0 0.909180 0.151693 0.042969 0.123698
0 0.098633 0.145833 0.042969 0.127604
0 0.068359 0.210938 0.136719 0.260417
0 0.829102 0.208333 0.080078 0.270833
0 0.584473 0.078776 0.030273 0.024740
0 0.530762 0.078776 0.041992 0.024740
0 0.491699 0.078776 0.043945 0.024740
0 0.453125 0.078776 0.037109 0.024740
0 0.406250 0.078776 0.025391 0.024740
0 0.376953 0.078776 0.025391 0.024740
0 0.342773 0.078776 0.029297 0.024740
0 0.721680 0.192057 0.162109 0.298177
0 0.491699 0.053385 0.034180 0.023438
0 0.456543 0.053385 0.036133 0.023438
0 0.408203 0.053385 0.027344 0.023438
0 0.371094 0.053385 0.035156 0.023438
0 0.334961 0.053385 0.035156 0.023438
0 0.966797 0.199219 0.066406 0.341146
0 0.768555 0.078776 0.039062 0.126302
0 0.767578 0.020182 0.011719 0.037760
0 0.978516 0.020833 0.041016 0.041667
0 0.902344 0.030599 0.021484 0.061198
0 0.880859 0.092448 0.052734 0.184896
0 0.836426 0.009766 0.032227 0.019531
0 0.805176 0.082031 0.034180 0.164062
0 0.677734 0.032552 0.042969 0.065104
0 0.633789 0.032552 0.083984 0.065104
0 0.561035 0.032552 0.047852 0.065104
0 0.529297 0.032552 0.041016 0.065104
0 0.210449 0.100911 0.217773 0.201823