0 0.661621 0.988932 0.036133 0.019531
0 0.935059 0.986328 0.040039 0.024740
0 0.739258 0.985677 0.037109 0.026042
0 0.763672 0.962240 0.052734 0.041667
0 0.821777 0.963542 0.067383 0.070312
0 0.684570 0.947917 0.046875 0.049479
0 0.910645 0.944010 0.038086 0.044271
0 0.724609 0.932943 0.044922 0.053385
0 0.076660 0.925781 0.041992 0.044271
0 0.173340 0.924479 0.038086 0.046875
0 0.541504 0.904297 0.040039 0.016927
0 0.491211 0.911458 0.042969 0.031250
0 0.032715 0.931641 0.057617 0.071615
0 0.112305 0.901042 0.035156 0.052083
0 0.880859 0.907552 0.072266 0.075521
0 0.950195 0.890625 0.066406 0.065104
0 0.991211 0.880208 0.017578 0.046875
0 0.063965 0.861979 0.055664 0.028646
0 0.987793 0.835938 0.024414 0.041667
0 0.802734 0.863932 0.115234 0.113281
0 0.912598 0.832682 0.081055 0.071615
0 0.075195 0.810547 0.089844 0.084635
0 0.972656 0.772135 0.052734 0.028646
0 0.105469 0.762370 0.025391 0.035156
0 0.939453 0.779948 0.074219 0.091146
0 0.417969 0.747396 0.023438 0.028646
0 0.145996 0.750651 0.036133 0.040365
0 0.129395 0.719401 0.034180 0.040365
0 0.905762 0.672526 0.032227 0.045573
0 0.944824 0.673177 0.055664 0.072917
0 0.893066 0.626302 0.081055 0.096354
0 0.991211 0.568359 0.017578 0.037760
0 0.525879 0.490885 0.020508 0.036458
0 0.992188 0.490234 0.015625 0.037760
0 0.665527 0.460286 0.028320 0.050781
0 0.777832 0.401693 0.036133 0.032552
0 0.304688 0.526693 0.609375 0.394531
0 0.166992 0.352214 0.035156 0.066406
0 0.357422 0.341797 0.050781 0.066406
0 0.467773 0.333984 0.070312 0.066406
0 0.631348 0.320312 0.024414 0.049479
0 0.767578 0.339844 0.056641 0.106771
0 0.405762 0.304036 0.026367 0.042969
0 0.353516 0.277995 0.019531 0.035156
0 0.287598 0.259766 0.047852 0.037760
0 0.316895 0.264974 0.034180 0.069010
0 0.206055 0.245443 0.037109 0.055990
0 0.250488 0.223307 0.043945 0.037760
0 0.082520 0.344401 0.165039 0.290365
0 0.561035 0.256510 0.083008 0.132812
0 0.382812 0.214844 0.033203 0.052083
0 0.541504 0.568359 0.916992 0.785156
0 0.429199 0.205078 0.065430 0.058594
0 0.349121 0.188802 0.051758 0.054688
0 0.226562 0.195312 0.072266 0.070312
0 0.170898 0.177734 0.074219 0.063802
0 0.067383 0.175130 0.113281 0.058594
0 0.131836 0.156901 0.070312 0.042969
0 0.758789 0.200521 0.083984 0.145833
0 0.174316 0.136719 0.032227 0.023438
0 0.988770 0.130859 0.022461 0.035156
0 0.355469 0.134115 0.058594 0.052083
0 0.667480 0.126302 0.059570 0.067708
0 0.505859 0.192708 0.130859 0.200521
0 0.351562 0.102214 0.050781 0.019531
0 0.061523 0.115234 0.076172 0.061198
0 0.191895 0.098958 0.036133 0.033854
0 0.139648 0.106771 0.068359 0.049479
0 0.232910 0.109375 0.051758 0.067708
0 0.620605 0.078776 0.036133 0.024740
0 0.514160 0.078776 0.086914 0.024740
0 0.742676 0.093750 0.065430 0.101562
0 0.666504 0.048828 0.047852 0.032552
0 0.224121 0.041667 0.018555 0.036458
0 0.992188 0.040365 0.015625 0.039062
0 0.524902 0.037760 0.069336 0.054688
0 0.885254 0.011068 0.069336 0.022135
0 0.604492 0.024740 0.066406 0.049479