0 0.650391 0.977865 0.039062 0.041667
0 0.546387 0.952474 0.028320 0.029948
0 0.675293 0.944661 0.038086 0.032552
0 0.171387 0.937500 0.114258 0.059896
0 0.567383 0.935547 0.029297 0.063802
0 0.712891 0.917969 0.066406 0.036458
0 0.273926 0.931641 0.081055 0.071615
0 0.739746 0.880859 0.034180 0.042969
0 0.444824 0.865234 0.043945 0.048177
0 0.381348 0.865234 0.079102 0.058594
0 0.668945 0.822917 0.039062 0.026042
0 0.283691 0.825521 0.045898 0.052083
0 0.042480 0.832682 0.053711 0.084635
0 0.286621 0.789714 0.045898 0.022135
0 0.072266 0.797526 0.048828 0.042969
0 0.210938 0.834635 0.162109 0.119792
0 0.599121 0.760417 0.041992 0.033854
0 0.806152 0.813151 0.387695 0.141927
0 0.211426 0.748047 0.077148 0.042969
0 0.109863 0.724609 0.049805 0.032552
0 0.094727 0.797526 0.189453 0.194010
0 0.836426 0.706380 0.034180 0.035156
0 0.165039 0.688151 0.023438 0.027344
0 0.371094 0.767578 0.142578 0.196615
0 0.877930 0.685547 0.052734 0.045573
0 0.536621 0.813802 0.194336 0.320312
0 0.426758 0.714844 0.080078 0.122396
0 0.783691 0.697266 0.088867 0.095052
0 0.092773 0.680339 0.052734 0.063802
0 0.270508 0.652344 0.029297 0.033854
0 0.731934 0.661458 0.038086 0.059896
0 0.675293 0.635417 0.086914 0.039062
0 0.890137 0.628906 0.026367 0.041667
0 0.195801 0.660807 0.071289 0.134115
0 0.072266 0.624349 0.019531 0.061198
0 0.578613 0.614583 0.045898 0.072917
0 0.704590 0.567057 0.040039 0.050781
0 0.056641 0.537760 0.039062 0.057292
0 0.019531 0.489583 0.039062 0.039062
0 0.041504 0.518880 0.049805 0.108073
0 0.817871 0.477865 0.057617 0.031250
0 0.967285 0.491536 0.065430 0.061198
0 0.092285 0.478516 0.032227 0.053385
0 0.075684 0.413411 0.034180 0.040365
0 0.419922 0.366536 0.023438 0.035156
0 0.771484 0.367839 0.039062 0.042969
0 0.315918 0.454427 0.348633 0.239583
0 0.108887 0.365885 0.075195 0.070312
0 0.329590 0.351562 0.077148 0.062500
0 0.933105 0.326823 0.020508 0.041667
0 0.124512 0.324219 0.041992 0.039062
0 0.043945 0.386719 0.087891 0.166667
0 0.803223 0.323568 0.051758 0.048177
0 0.200195 0.306641 0.039062 0.027344
0 0.256836 0.300130 0.039062 0.066406
0 0.079102 0.290365 0.035156 0.049479
0 0.893066 0.245443 0.036133 0.035156
0 0.217773 0.241536 0.068359 0.053385
0 0.106445 0.229818 0.048828 0.040365
0 0.906250 0.212240 0.037109 0.033854
0 0.735840 0.259766 0.081055 0.128906
0 0.696289 0.201823 0.023438 0.036458
0 0.107422 0.190755 0.037109 0.040365
0 0.172363 0.195312 0.104492 0.054688
0 0.835938 0.231120 0.091797 0.165365
0 0.246582 0.148438 0.026367 0.031250
0 0.647949 0.157552 0.075195 0.109375
0 0.596191 0.121094 0.024414 0.039062
0 0.849609 0.125000 0.019531 0.049479
0 0.668945 0.104818 0.021484 0.042969
0 0.682129 0.072917 0.030273 0.039062
0 0.545410 0.091146 0.067383 0.091146
0 0.378418 0.137370 0.098633 0.191406
0 0.299316 0.091797 0.073242 0.100260
0 0.488281 0.065755 0.076172 0.069010
0 0.992676 0.060547 0.014648 0.084635
0 0.933105 0.018229 0.065430 0.036458
0 0.788086 0.024089 0.052734 0.048177
0 0.656250 0.024089 0.056641 0.048177
0 0.574219 0.023438 0.056641 0.046875