0 0.637207 0.980469 0.030273 0.036458
0 0.837402 0.974609 0.067383 0.042969
0 0.900879 0.969401 0.053711 0.058594
0 0.601074 0.962891 0.036133 0.048177
0 0.524902 0.948568 0.079102 0.037760
0 0.187012 0.942057 0.041992 0.029948
0 0.420410 0.945964 0.127930 0.042969
0 0.990234 0.935547 0.019531 0.050781
0 0.265625 0.932292 0.126953 0.070312
0 0.442383 0.922526 0.060547 0.053385
0 0.368652 0.911458 0.026367 0.031250
0 0.950684 0.936849 0.090820 0.095052
0 0.517090 0.884115 0.038086 0.020833
0 0.112305 0.859375 0.046875 0.028646
0 0.074219 0.837891 0.072266 0.074219
0 0.170410 0.847005 0.118164 0.095052
0 0.164062 0.794922 0.044922 0.016927
0 0.356445 0.839844 0.277344 0.109375
0 0.453613 0.808594 0.045898 0.049479
0 0.484375 0.772135 0.033203 0.031250
0 0.269043 0.755859 0.053711 0.050781
0 0.451660 0.756510 0.040039 0.054688
0 0.395020 0.705078 0.053711 0.045573
0 0.154785 0.690755 0.034180 0.042969
0 0.257812 0.673177 0.031250 0.028646
0 0.710938 0.667318 0.023438 0.029948
0 0.888672 0.654948 0.029297 0.033854
0 0.321289 0.653646 0.101562 0.091146
0 0.650391 0.632161 0.039062 0.050781
0 0.942871 0.612630 0.036133 0.053385
0 0.160645 0.688151 0.321289 0.373698
0 0.013672 0.486979 0.027344 0.039062
0 0.900391 0.438151 0.173828 0.144531
0 0.816406 0.361328 0.050781 0.042969
0 0.863770 0.321615 0.063477 0.044271
0 0.500000 0.625000 1.000000 0.747396
0 0.814941 0.276693 0.299805 0.149740
0 0.694336 0.210938 0.064453 0.054688
0 0.758789 0.188802 0.052734 0.049479
0 0.822754 0.182292 0.069336 0.059896
0 0.713379 0.160807 0.051758 0.113281
0 0.588867 0.179688 0.173828 0.158854
0 0.689941 0.115234 0.038086 0.042969
0 0.480957 0.108724 0.024414 0.032552
0 0.183594 0.105469 0.035156 0.036458
0 0.320312 0.093099 0.041016 0.037760
0 0.990723 0.082031 0.018555 0.052083
0 0.447266 0.058594 0.041016 0.033854
0 0.360840 0.063802 0.026367 0.044271
0 0.319824 0.261068 0.639648 0.438802
0 0.790527 0.059245 0.057617 0.092448
0 0.988281 0.035807 0.023438 0.063802
0 0.671387 0.020833 0.030273 0.041667
0 0.603027 0.021484 0.049805 0.042969